acc, 0.8497409326424871, 0.2391304347826087, 0.0, 0.0, 0.2631578947368421
iou, 0.5996343692870201, 0.21710526315789475, nan, nan, 0.16666666666666666
acc, 0.8596491228070176, 0.5377777777777778, 0.0, 0.0, 0.0
iou, 0.6137787056367432, 0.4432234432234432, nan, nan, 0.0
acc, 0.8840970350404312, 0.3248407643312102, 0.0, 0.0, 0.0
iou, 0.6074074074074074, 0.24401913875598086, nan, nan, 0.0
acc, 0.7262773722627737, 0.6666666666666666, 0.0, 0.0, 0.2283464566929134
iou, 0.43736263736263736, 0.42857142857142855, 0.0, nan, 0.17682926829268292
acc, 0.0, 0.0, 0.7105751391465677, 0.0, 0.0
iou, 0.0, 0.0, 0.6383333333333333, nan, 0.0
acc, 1.0, 0.0, 0.9107468123861566, 0.0, 0.0
iou, 0.25, nan, 0.8787346221441125, nan, 0.0
acc, 0.0, 0.0, 1.0, 0.0, 0.0
iou, nan, nan, 0.955, nan, 0.0
acc, 0.8241469816272966, 0.7602040816326531, 0.0, 0.0, 0.0
iou, 0.6977777777777778, 0.5643939393939394, nan, nan, 0.0
acc, 0.9885714285714285, 0.0, 0.0, 0.0, 0.0
iou, 0.865, 0.0, nan, nan, 0.0
acc, 0.892018779342723, 0.5925925925925926, 0.0, 0.0, 0.0
iou, 0.6972477064220184, 0.2807017543859649, nan, nan, 0.0
acc, 0.03529411764705882, 0.0, 0.598343685300207, 0.0, 0.08695652173913043
iou, 0.010869565217391304, 0.0, 0.4931740614334471, nan, 0.05714285714285714
acc, 0.9196891191709845, 0.6666666666666666, 0.0, 0.0, 0.2426470588235294
iou, 0.6893203883495146, 0.6666666666666666, nan, nan, 0.19760479041916168
acc, 0.5907172995780591, 0.6720257234726688, 0.0, 0.0, 0.057692307692307696
iou, 0.4, 0.49176470588235294, nan, nan, 0.0410958904109589
acc, 0.839142091152815, 0.0, 0.0, 0.0, 0.40969162995594716
iou, 0.6173570019723866, nan, nan, nan, 0.3240418118466899
acc, 0.9855072463768116, 0.0, 0.0, 0.0, 0.0
iou, 0.5666666666666667, 0.0, nan, nan, 0.0
acc, 0.9281663516068053, 0.29411764705882354, 0.0, 0.0, 0.0
iou, 0.8393162393162393, 0.2542372881355932, nan, nan, 0.0
acc, 0.9168443496801706, 0.19753086419753085, 0.0, 0.0, 0.0
iou, 0.7452339688041595, 0.1797752808988764, 0.0, nan, 0.0
acc, 1.0, 0.0, 0.8958333333333334, 0.0, 0.0
iou, 0.9784560143626571, nan, 0.8958333333333334, nan, 0.0
acc, 0.9426229508196722, 0.7108433734939759, 0.0, 0.0, 0.4482758620689655
iou, 0.8712121212121212, 0.5315315315315315, nan, nan, 0.4482758620689655
acc, 0.9750479846449136, 0.3448275862068966, 0.0, 0.0, 0.4
iou, 0.8912280701754386, 0.2631578947368421, nan, nan, 0.37037037037037035
acc, 0.6794055201698513, 0.11224489795918367, 0.0, 0.0, 0.2903225806451613
iou, 0.5517241379310345, 0.0990990990990991, nan, nan, 0.05325443786982249
acc, 0.9504950495049505, 0.7321428571428571, 0.0, 0.0, 0.2564102564102564
iou, 0.8743169398907104, 0.5061728395061729, nan, nan, 0.2564102564102564
acc, 0.9214659685863874, 0.5683453237410072, 0.0, 0.0, 0.0759493670886076
iou, 0.683495145631068, 0.46745562130177515, nan, nan, 0.0759493670886076
acc, 0.0, 0.0, 0.27166666666666667, 0.0, 0.0
iou, 0.0, nan, 0.27166666666666667, nan, nan
acc, 0.9232409381663113, 0.7922077922077922, 0.0, 0.0, 0.0
iou, 0.8033395176252319, 0.5398230088495575, nan, nan, 0.0
acc, 0.6363636363636364, 0.42718446601941745, 0.0, 0.0, 0.0
iou, 0.5413669064748201, 0.3333333333333333, 0.0, nan, 0.0
acc, 0.9222520107238605, 0.5955882352941176, 0.0, 0.0, 0.2087912087912088
iou, 0.688, 0.525974025974026, nan, nan, 0.18627450980392157
acc, 0.9605633802816902, 0.4601226993865031, 0.0, 0.0, 0.024390243902439025
iou, 0.6583011583011583, 0.41208791208791207, nan, nan, 0.024390243902439025
acc, 0.8696808510638298, 0.49504950495049505, 0.0, 0.0, 0.024390243902439025
iou, 0.6123595505617978, 0.3125, nan, nan, 0.023809523809523808
acc, 0.9621052631578947, 0.5555555555555556, 0.0, 0.0, 0.03773584905660377
iou, 0.8045774647887324, 0.4166666666666667, nan, 0.0, 0.03773584905660377
acc, 0.9056179775280899, 0.4827586206896552, 0.0, 0.0, 0.05555555555555555
iou, 0.7340619307832422, 0.30434782608695654, 0.0, 0.0, 0.05555555555555555
acc, 0.9290465631929047, 0.24719101123595505, 0.0, 0.0, 0.25
iou, 0.7363796133567663, 0.1864406779661017, 0.0, nan, 0.23076923076923078
acc, 0.7933884297520661, 0.4892086330935252, 0.0, 0.0, 0.1
iou, 0.42105263157894735, 0.43312101910828027, nan, nan, 0.0851063829787234
acc, 0.9356846473029046, 0.0, 0.0, 0.0, 0.0
iou, 0.7516666666666667, 0.0, 0.0, nan, 0.0
acc, 0.896551724137931, 0.7551020408163265, 0.6346153846153846, 0.14563106796116504, 0.10144927536231885
iou, 0.4148936170212766, 0.5736434108527132, 0.6073619631901841, 0.14018691588785046, 0.0945945945945946
acc, 0.7751937984496124, 0.4298245614035088, 0.0, 0.0, 0.08080808080808081
iou, 0.5607476635514018, 0.3712121212121212, 0.0, nan, 0.08080808080808081
acc, 0.9768421052631578, 0.14285714285714285, 0.0, 0.0, 0.0
iou, 0.7798319327731092, 0.10869565217391304, nan, 0.0, 0.0
acc, 0.9033613445378151, 0.2736842105263158, 0.6190476190476191, 0.0, 0.11475409836065574
iou, 0.5555555555555556, 0.22608695652173913, 0.26262626262626265, nan, 0.11290322580645161
acc, 0.8801169590643275, 0.44, 0.0, 0.0, 0.10843373493975904
iou, 0.6007984031936128, 0.33624454148471616, nan, nan, 0.10843373493975904
acc, 0.7824427480916031, 0.6390041493775933, 0.0, 0.0, 0.4020618556701031
iou, 0.5125, 0.5133333333333333, nan, nan, 0.38235294117647056
acc, 0.869942196531792, 0.2537313432835821, 0.7482517482517482, 0.0, 0.0
iou, 0.6323529411764706, 0.19540229885057472, 0.6369047619047619, nan, 0.0
acc, 0.8179419525065963, 0.3532934131736527, 0.0, 0.0, 0.0
iou, 0.5730129390018485, 0.25, 0.0, nan, 0.0
acc, 0.573170731707317, 0.6452830188679245, 0.8205128205128205, 0.0, 0.045454545454545456
iou, 0.27405247813411077, 0.5166163141993958, 0.3764705882352941, nan, 0.043478260869565216
acc, 0.9534883720930233, 0.5985915492957746, 0.0, 0.0, 0.056338028169014086
iou, 0.7221135029354208, 0.5448717948717948, nan, nan, 0.05333333333333334
acc, 0.768361581920904, 0.5192307692307693, 0.8828828828828829, 0.0, 0.0821917808219178
iou, 0.38746438746438744, 0.47093023255813954, 0.49, 0.0, 0.0821917808219178
acc, 0.9380692167577414, 0.16666666666666666, 0.0, 0.0, 0.0
iou, 0.8626465661641541, 0.057692307692307696, 0.0, nan, 0.0
acc, 0.9153439153439153, 0.3611111111111111, 0.0, 0.0, 0.06140350877192982
iou, 0.6245487364620939, 0.3391304347826087, nan, nan, 0.050359712230215826
acc, 0.9773755656108597, 0.7571428571428571, 0.0, 0.0, 0.0
iou, 0.43724696356275305, 0.7310344827586207, 0.0, nan, 0.0
acc, 1.0, 0.0, 0.0, 0.0, 0.0
iou, 0.24873096446700507, 0.0, nan, nan, 0.0
acc, 0.4267241379310345, 0.78125, 0.0, 0.0, 0.08333333333333333
iou, 0.37009345794392523, 0.7352941176470589, 0.0, nan, 0.08333333333333333
acc, 0.9360189573459715, 0.6052631578947368, 0.0, 0.0, 0.35185185185185186
iou, 0.771484375, 0.48936170212765956, 0.0, nan, 0.35185185185185186
acc, 0.7107843137254902, 0.6296296296296297, 0.375, 0.0, 0.10526315789473684
iou, 0.3310502283105023, 0.4874551971326165, 0.35294117647058826, 0.0, 0.10526315789473684
acc, 0.6097560975609756, 0.7047970479704797, 0.0, 0.0, 0.0963855421686747
iou, 0.38961038961038963, 0.53954802259887, 0.0, nan, 0.08247422680412371
acc, 0.7247706422018348, 0.3063583815028902, 0.0, 0.0, 0.27848101265822783
iou, 0.4575289575289575, 0.20948616600790515, 0.0, nan, 0.22916666666666666
acc, 0.7203065134099617, 0.6900826446280992, 0.0, 0.0, 0.4948453608247423
iou, 0.5053763440860215, 0.5422077922077922, nan, nan, 0.41025641025641024
acc, 0.9056603773584906, 0.5517241379310345, 0.0, 0.0, 0.17857142857142858
iou, 0.6653465346534654, 0.449438202247191, nan, nan, 0.1744186046511628
acc, 0.0, 0.0, 1.0, 0.0, 0.0
iou, 0.0, nan, 0.7683333333333333, nan, nan
acc, 0.9494949494949495, 0.6310160427807486, 0.0, 0.0, 0.23529411764705882
iou, 0.7866108786610879, 0.5728155339805825, nan, nan, 0.2222222222222222
acc, 0.8809523809523809, 0.9024390243902439, 0.8960396039603961, 0.0, 0.09900990099009901
iou, 0.3378995433789954, 0.8361581920903954, 0.7669491525423728, 0.0, 0.09433962264150944
acc, 0.8902439024390244, 0.5876777251184834, 0.0, 0.0, 0.0
iou, 0.6134453781512605, 0.5020242914979757, nan, nan, 0.0
acc, 0.92, 0.7864077669902912, 0.0, 0.0, 0.0
iou, 0.6984815618221258, 0.42857142857142855, nan, 0.0, 0.0
acc, 0.9147286821705426, 0.35384615384615387, 0.9861495844875346, 0.0, 0.044444444444444446
iou, 0.5989847715736041, 0.35384615384615387, 0.9081632653061225, nan, 0.0425531914893617
acc, 0.9418960244648318, 0.22058823529411764, 0.0, 0.0, 0.040229885057471264
iou, 0.5365853658536586, 0.16483516483516483, 0.0, nan, 0.040229885057471264
acc, 0.7989690721649485, 0.6764705882352942, 0.0, 0.0, 0.211340206185567
iou, 0.3399122807017544, 0.5644171779141104, 0.0, nan, 0.1889400921658986
acc, 0.9585152838427947, 0.1595744680851064, 0.0, 0.0, 0.2916666666666667
iou, 0.7688266199649737, 0.14150943396226415, nan, nan, 0.2545454545454545
acc, 0.31666666666666665, 0.0, 0.8138075313807531, 0.0, 0.06521739130434782
iou, 0.12258064516129032, 0.0, 0.6848591549295775, 0.0, 0.06
acc, 0.9671457905544147, 0.5714285714285714, 0.0, 0.0, 0.0
iou, 0.8410714285714286, 0.4375, 0.0, nan, 0.0
acc, 0.9027484143763214, 0.618421052631579, 0.0, 0.0, 0.0
iou, 0.7735507246376812, 0.3821138211382114, nan, nan, 0.0
acc, 0.9378531073446328, 0.4724770642201835, 0.0, 0.0, 0.0
iou, 0.6680080482897385, 0.42916666666666664, nan, nan, 0.0
acc, 0.9478957915831663, 0.4782608695652174, 0.0, 0.0, 0.0
iou, 0.8183391003460208, 0.3142857142857143, nan, nan, 0.0
acc, 0.9807692307692307, 0.6060606060606061, 0.0, 0.0, 0.0
iou, 0.8793103448275862, 0.46511627906976744, 0.0, nan, 0.0
acc, 0.8201970443349754, 0.7314814814814815, 0.0, 0.0, 0.025
iou, 0.6516634050880626, 0.5766423357664233, 0.0, nan, 0.024096385542168676
acc, 0.9067357512953368, 0.32038834951456313, 0.06666666666666667, 0.0, 0.09090909090909091
iou, 0.6410256410256411, 0.3113207547169811, 0.038461538461538464, nan, 0.07692307692307693
acc, 0.5957446808510638, 0.6911764705882353, 0.0, 0.0, 0.056818181818181816
iou, 0.45901639344262296, 0.562874251497006, 0.0, nan, 0.05555555555555555
acc, 0.7447552447552448, 0.6104651162790697, 0.0, 0.0, 0.23728813559322035
iou, 0.46405228758169936, 0.4411764705882353, 0.0, nan, 0.21052631578947367
acc, 0.9530201342281879, 0.75, 0.0, 0.0, 0.14285714285714285
iou, 0.8271844660194175, 0.639344262295082, nan, nan, 0.1346153846153846
acc, 0.9210526315789473, 0.9387755102040817, 0.05673758865248227, 0.0, 0.0
iou, 0.352112676056338, 0.46, 0.05194805194805195, 0.0, 0.0
acc, 0.9775967413441955, 0.07692307692307693, 0.0, 0.0, 0.0
iou, 0.8053691275167785, 0.07272727272727272, nan, nan, 0.0
acc, 0.9725274725274725, 0.6355140186915887, 0.0, 0.0, 0.0
iou, 0.6654135338345865, 0.5811965811965812, nan, nan, 0.0
acc, 0.9419889502762431, 0.7150837988826816, 0.0, 0.0, 0.0
iou, 0.7365010799136069, 0.6213592233009708, nan, nan, 0.0
acc, 0.9389140271493213, 0.3055555555555556, 0.0, 0.0, 0.3
iou, 0.7572992700729927, 0.2462686567164179, nan, nan, 0.2727272727272727
acc, 0.9140401146131805, 0.6206896551724138, 0.0, 0.0, 0.05
iou, 0.6182170542635659, 0.5142857142857142, 0.0, nan, 0.04807692307692308
acc, 0.9631449631449631, 0.33774834437086093, 0.0, 0.0, 0.0
iou, 0.7140255009107468, 0.3072289156626506, nan, nan, 0.0
acc, 0.8472906403940886, 0.6064516129032258, 0.875968992248062, 0.0, 0.05952380952380952
iou, 0.48179271708683474, 0.5696969696969697, 0.6647058823529411, 0.0, 0.05263157894736842
acc, 0.9592326139088729, 0.6547619047619048, 0.0, 0.0, 0.0
iou, 0.7339449541284404, 0.5445544554455446, 0.0, nan, 0.0
acc, 0.804416403785489, 0.4639175257731959, 0.0, 0.0, 0.19101123595505617
iou, 0.5172413793103449, 0.35294117647058826, nan, nan, 0.18888888888888888
acc, 0.9154078549848943, 0.35353535353535354, 0.0, 0.0, 0.0
iou, 0.5631970260223048, 0.22727272727272727, 0.0, nan, 0.0
acc, 0.9377358490566038, 0.36363636363636365, 0.0, 0.0, 0.0
iou, 0.851027397260274, 0.2077922077922078, nan, nan, 0.0
acc, 0.7622641509433963, 0.08108108108108109, 0.0, 0.0, 0.0
iou, 0.6767169179229481, 0.07142857142857142, 0.0, nan, 0.0
acc, 0.8624161073825504, 0.65625, 0.008928571428571428, 0.0, 0.16
iou, 0.5069033530571992, 0.5153374233128835, 0.008928571428571428, 0.0, 0.14285714285714285
acc, 0.0, 0.0, 0.0, 0.58, 0.0
iou, 0.0, nan, nan, 0.58, 0.0
acc, 0.8550295857988166, 0.6713286713286714, 0.0, 0.0, 0.0
iou, 0.5897959183673469, 0.46601941747572817, nan, 0.0, 0.0
acc, 0.9125874125874126, 0.6605504587155964, 0.0, 0.0, 0.0
iou, 0.5058139534883721, 0.5142857142857142, 0.0, nan, 0.0
acc, 0.9973404255319149, 0.0, 0.0, 0.0, 0.07142857142857142
iou, 0.6323777403035413, nan, nan, 0.0, 0.0707070707070707
acc, 0.9896907216494846, 0.023809523809523808, 0.8910505836575876, 0.0, 0.0
iou, 0.6153846153846154, 0.023809523809523808, 0.722397476340694, nan, 0.0
acc, 0.8841607565011821, 1.0, 0.4496124031007752, 0.0, 0.0
iou, 0.6913123844731978, 0.5, 0.327683615819209, nan, 0.0
acc, 0.888268156424581, 0.5972222222222222, 0.0, 0.0, 0.02040816326530612
iou, 0.6235294117647059, 0.5119047619047619, nan, nan, 0.017241379310344827
acc, 0.9354838709677419, 0.4393939393939394, 0.0, 0.0, 0.23529411764705882
iou, 0.7602996254681648, 0.3717948717948718, nan, nan, 0.21052631578947367
acc, 0.7610789980732178, 0.13953488372093023, 0.0, 0.0, 0.10526315789473684
iou, 0.6694915254237288, 0.12244897959183673, 0.0, nan, 0.10256410256410256
acc, 0.9774859287054409, 0.92, 0.0, 0.0, 0.0
iou, 0.902946273830156, 0.6216216216216216, nan, nan, 0.0
acc, 0.9305912596401028, 0.22142857142857142, 0.0, 0.0, 0.08450704225352113
iou, 0.6441281138790036, 0.18452380952380953, nan, nan, 0.08450704225352113
acc, 0.825, 0.0, 0.0, 0.0, 0.0
iou, 0.825, nan, 0.0, nan, nan
acc, 0.9596541786743515, 0.6, 0.0, 0.0, 0.045454545454545456
iou, 0.6342857142857142, 0.5348837209302325, nan, 0.0, 0.045454545454545456
acc, 1.0, 0.0, 0.0, 0.0, 0.0
iou, 0.9716666666666667, nan, nan, nan, 0.0
acc, 0.8983516483516484, 0.6818181818181818, 0.0, 0.0, 0.04878048780487805
iou, 0.6659877800407332, 0.5555555555555556, nan, nan, 0.047619047619047616
acc, 0.0, 0.0, 1.0, 0.0, 0.0
iou, nan, nan, 0.9033333333333333, nan, 0.0
acc, 0.9830917874396136, 0.32222222222222224, 0.0, 0.0, 0.023255813953488372
iou, 0.7140350877192982, 0.29896907216494845, 0.0, nan, 0.023255813953488372
acc, 0.6520618556701031, 0.0, 1.0, 0.0, 0.0
iou, 0.6520618556701031, nan, 0.590778097982709, nan, 0.0
acc, 0.0, 0.0, 1.0, 0.0, 0.0
iou, nan, nan, 0.9533333333333334, nan, 0.0
acc, 0.9814126394052045, 0.2222222222222222, 0.0, 0.0, 0.34615384615384615
iou, 0.9056603773584906, 0.18604651162790697, nan, nan, 0.3103448275862069
acc, 0.9778481012658228, 0.0, 1.0, 0.0, 0.0
iou, 0.9363636363636364, nan, 0.8700361010830325, nan, 0.0
acc, 0.9876543209876543, 0.0, 0.9540540540540541, 0.0, 0.08823529411764706
iou, 0.7373271889400922, nan, 0.8959390862944162, nan, 0.08571428571428572
acc, 0.0, 0.0, 1.0, 0.0, 0.0
iou, 0.0, nan, 0.895, nan, 0.0
acc, 0.20967741935483872, 0.35294117647058826, 0.0, 0.0, 0.0
iou, 0.20707964601769913, 0.35294117647058826, 0.0, 0.0, 0.0
acc, 1.0, 0.0, 0.9882697947214076, 0.0, 0.0
iou, 0.9058823529411765, nan, 0.9656160458452722, nan, 0.0
acc, 0.9321663019693655, 0.6046511627906976, 0.0, 0.0, 0.0
iou, 0.7773722627737226, 0.4444444444444444, nan, nan, 0.0
acc, 0.94, 0.0, 0.363013698630137, 0.0, 0.0
iou, 0.7014925373134329, 0.0, 0.31176470588235294, nan, 0.0
acc, 0.0, 0.0, 1.0, 0.0, 0.0
iou, 0.0, nan, 0.7966666666666666, nan, 0.0
acc, 0.6354679802955665, 0.34545454545454546, 1.0, 0.0, 0.0
iou, 0.5584415584415584, 0.3392857142857143, 0.36466165413533835, nan, 0.0
acc, 0.8259587020648967, 0.6153846153846154, 0.9347826086956522, 0.0, 0.0
iou, 0.693069306930693, 0.35294117647058826, 0.8075117370892019, nan, 0.0
acc, 0.896551724137931, 0.38461538461538464, 0.0, 0.0, 0.0
iou, 0.65, 0.273972602739726, 0.0, nan, 0.0
acc, 0.9613095238095238, 0.5478260869565217, 0.0, 0.0, 0.06711409395973154
iou, 0.6284046692607004, 0.45652173913043476, nan, nan, 0.06578947368421052
acc, 0.9101941747572816, 0.6173913043478261, 0.0, 0.0, 0.0547945205479452
iou, 0.7156488549618321, 0.46405228758169936, nan, nan, 0.0547945205479452
acc, 0.8588807785888077, 0.6733333333333333, 0.0, 0.0, 0.0
iou, 0.7074148296593187, 0.6121212121212121, 0.0, nan, 0.0
acc, 0.67, 0.5357142857142857, 0.0, 0.0, 0.15
iou, 0.5254901960784314, 0.43103448275862066, 0.0, nan, 0.14516129032258066
acc, 0.9070294784580499, 0.3888888888888889, 0.0, 0.0, 0.0
iou, 0.7259528130671506, 0.32666666666666666, nan, nan, 0.0
acc, 0.8851540616246498, 0.1875, 1.0, 0.0, 0.0
iou, 0.7577937649880095, 0.12162162162162163, 0.8248587570621468, nan, 0.0
acc, 0.9010309278350516, 0.21621621621621623, 0.13043478260869565, 0.0, 0.0
iou, 0.7560553633217993, 0.16, 0.06666666666666667, nan, 0.0
acc, 0.9628099173553719, 0.3076923076923077, 0.0, 0.0, 0.02631578947368421
iou, 0.8104347826086956, 0.25, nan, nan, 0.02631578947368421
acc, 0.8715953307392996, 0.038461538461538464, 0.8811475409836066, 0.0, 0.06382978723404255
iou, 0.6153846153846154, 0.028985507246376812, 0.7962962962962963, nan, 0.05660377358490566
acc, 0.922077922077922, 0.40350877192982454, 0.0, 0.0, 0.2631578947368421
iou, 0.7447552447552448, 0.25555555555555554, 0.0, nan, 0.22727272727272727
acc, 0.8, 0.0, 0.963855421686747, 0.0, 0.0
iou, 0.4745762711864407, 0.0, 0.7920792079207921, nan, 0.0
acc, 1.0, 0.0, 0.9258555133079848, 0.0, 0.0
iou, 0.5238095238095238, nan, 0.8774774774774775, nan, 0.0
acc, 0.8449905482041588, 0.3142857142857143, 0.0, 0.0, 0.0
iou, 0.7589134125636672, 0.3142857142857143, 0.0, nan, 0.0
acc, 0.9342560553633218, 0.0, 0.0, 0.0, 0.0
iou, 0.9090909090909091, nan, 0.0, nan, 0.0
acc, 0.8440860215053764, 0.6746987951807228, 0.0, 0.0, 0.0
iou, 0.6434426229508197, 0.5, nan, nan, 0.0
acc, 0.7227722772277227, 0.0, 0.9347826086956522, 0.0, 0.0
iou, 0.48026315789473684, 0.0, 0.7693836978131213, nan, 0.0
acc, 0.7758620689655172, 0.11764705882352941, 0.0, 0.0, 0.1956521739130435
iou, 0.4151291512915129, 0.1, nan, nan, 0.16119402985074627
acc, 0.9947089947089947, 0.0, 0.579088471849866, 0.0, 0.0
iou, 0.5295774647887324, nan, 0.542713567839196, nan, 0.0
acc, 0.9191919191919192, 0.19298245614035087, 0.7757009345794392, 0.0, 0.0
iou, 0.7193675889328063, 0.12359550561797752, 0.7757009345794392, nan, 0.0
acc, 0.6887966804979253, 0.1388888888888889, 1.0, 0.0, 0.0
iou, 0.6025408348457351, 0.1388888888888889, 0.16489361702127658, nan, 0.0
acc, 0.9389067524115756, 0.12363636363636364, 0.0, 0.0, 0.21428571428571427
iou, 0.5195729537366548, 0.11564625850340136, nan, nan, 0.2
acc, 0.8794642857142857, 0.0, 0.8727810650887574, 0.0, 0.0
iou, 0.6769759450171822, 0.0, 0.8380681818181818, nan, 0.0
acc, 0.8382838283828383, 0.6772727272727272, 0.0, 0.0, 0.06493506493506493
iou, 0.5976470588235294, 0.5137931034482759, nan, nan, 0.06493506493506493
acc, 0.8414322250639387, 0.3617021276595745, 0.0, 0.0, 0.17647058823529413
iou, 0.6126629422718808, 0.2524752475247525, nan, nan, 0.17391304347826086
acc, 0.992822966507177, 0.9285714285714286, 0.0, 0.0, 0.0
iou, 0.706984667802385, 0.7647058823529411, 0.0, nan, 0.0
acc, 0.8934010152284264, 0.21621621621621623, 0.0, 0.0, 0.09473684210526316
iou, 0.6219081272084805, 0.16666666666666666, nan, nan, 0.08571428571428572
acc, 0.7452830188679245, 0.6081081081081081, 0.0, 0.0, 0.0
iou, 0.17324561403508773, 0.3930131004366812, 0.0, nan, 0.0
acc, 0.9218390804597701, 0.5066666666666667, 0.0, 0.0, 0.011111111111111112
iou, 0.7160714285714286, 0.34545454545454546, nan, nan, 0.011111111111111112
acc, 0.02631578947368421, 0.0, 0.5756207674943566, 0.0, 0.0
iou, 0.008849557522123894, nan, 0.4427083333333333, 0.0, 0.0
acc, 0.8660049627791563, 0.4444444444444444, 0.0, 0.0, 0.009345794392523364
iou, 0.6499068901303539, 0.35398230088495575, 0.0, nan, 0.008928571428571428
acc, 0.8134831460674158, 0.379746835443038, 0.0, 0.0, 0.06578947368421052
iou, 0.6407079646017699, 0.19736842105263158, nan, nan, 0.05813953488372093
acc, 0.9425837320574163, 0.5609756097560976, 0.0, 0.0, 0.01694915254237288
iou, 0.7433962264150943, 0.4726027397260274, nan, nan, 0.016666666666666666
acc, 0.782051282051282, 0.6058394160583942, 0.0, 0.0, 0.2391304347826087
iou, 0.4728682170542636, 0.4742857142857143, nan, nan, 0.2391304347826087
acc, 0.5136986301369864, 0.5070422535211268, 0.7777777777777778, 0.0, 0.0
iou, 0.351288056206089, 0.2926829268292683, 0.17573221757322174, nan, 0.0
acc, 0.37333333333333335, 0.4365079365079365, 0.0, 0.0, 0.20202020202020202
iou, 0.27722772277227725, 0.4263565891472868, 0.0, nan, 0.19607843137254902
acc, 0.8333333333333334, 0.44912280701754387, 0.0, 0.0, 0.13333333333333333
iou, 0.4366812227074236, 0.39751552795031053, nan, nan, 0.12195121951219512
acc, 0.8764367816091954, 0.5759493670886076, 0.0, 0.0, 0.0425531914893617
iou, 0.648936170212766, 0.5027624309392266, 0.0, nan, 0.0425531914893617
acc, 0.8707482993197279, 0.3333333333333333, 0.0, 0.0, 0.0
iou, 0.4866920152091255, 0.27235772357723576, nan, nan, 0.0
acc, 0.9795918367346939, 0.5564516129032258, 0.0, 0.0, 0.005494505494505495
iou, 0.549618320610687, 0.5073529411764706, nan, nan, 0.005494505494505495
acc, 0.9787234042553191, 0.15151515151515152, 0.0, 0.0, 0.0
iou, 0.8576271186440678, 0.12987012987012986, nan, nan, 0.0
acc, 0.8407310704960835, 0.8166666666666667, 0.0, 0.0, 0.08247422680412371
iou, 0.6750524109014675, 0.5130890052356021, nan, nan, 0.07692307692307693
acc, 0.7688311688311689, 0.8273809523809523, 0.0, 0.0, 0.0
iou, 0.6420824295010846, 0.6017316017316018, 0.0, nan, 0.0
acc, 0.9421221864951769, 0.4107142857142857, 0.8061224489795918, 0.0, 0.0
iou, 0.6234042553191489, 0.25842696629213485, 0.7117117117117117, nan, 0.0
acc, 0.9535962877030162, 0.875, 0.0, 0.0, 0.0
iou, 0.8138613861386138, 0.56, nan, nan, 0.0
acc, 0.6097560975609756, 0.6226415094339622, 0.8074534161490683, 0.0, 0.0
iou, 0.15723270440251572, 0.4583333333333333, 0.7831325301204819, nan, 0.0
acc, 0.9603174603174603, 0.0, 1.0, 0.0, 0.0
iou, 0.8402777777777778, nan, 0.9674620390455532, nan, 0.0
acc, 0.11627906976744186, 0.0, 0.7876447876447876, 0.0, 0.0
iou, 0.02857142857142857, nan, 0.7120418848167539, nan, 0.0
acc, 0.8552631578947368, 0.2523364485981308, 0.0, 0.0, 0.13513513513513514
iou, 0.6878306878306878, 0.15517241379310345, nan, nan, 0.13513513513513514
acc, 0.8176795580110497, 0.12345679012345678, 0.0, 0.0, 0.10526315789473684
iou, 0.5174825174825175, 0.1111111111111111, 0.0, nan, 0.1038961038961039
acc, 0.8991416309012875, 0.43119266055045874, 0.0, 0.0, 0.0
iou, 0.7576853526220615, 0.30128205128205127, nan, nan, 0.0
acc, 1.0, 0.0, 0.0, 0.0, 0.0
iou, 0.8983333333333333, nan, 0.0, nan, 0.0
acc, 0.884375, 0.5972222222222222, 0.0, 0.0, 0.0
iou, 0.555992141453831, 0.46236559139784944, 0.0, nan, 0.0
acc, 0.9779411764705882, 0.95, 0.0, 0.0, 0.0
iou, 0.9466192170818505, 0.7307692307692307, nan, nan, 0.0
acc, 0.0, 0.0, 1.0, 0.0, 0.0
iou, nan, nan, 0.9816666666666667, nan, 0.0
acc, 0.9935483870967742, 0.6694214876033058, 0.0, 0.0, 0.020833333333333332
iou, 0.7048054919908466, 0.6639344262295082, nan, nan, 0.020833333333333332
acc, 0.9750889679715302, 0.18181818181818182, 0.0, 0.0, 0.37037037037037035
iou, 0.9351535836177475, 0.08, nan, nan, 0.3448275862068966
acc, 0.9308855291576674, 0.5283018867924528, 0.0, 0.0, 0.0
iou, 0.7628318584070797, 0.30434782608695654, nan, nan, 0.0
acc, 0.9467849223946785, 0.5048543689320388, 0.0, 0.0, 0.13043478260869565
iou, 0.7878228782287823, 0.4094488188976378, nan, nan, 0.13043478260869565
acc, 0.95, 0.704, 0.0, 0.0, 0.0
iou, 0.81640625, 0.5986394557823129, nan, nan, 0.0
acc, 0.6483931947069943, 0.0, 0.0, 0.0, 0.0
iou, 0.5954861111111112, 0.0, 0.0, nan, 0.0
acc, 0.0, 0.0, 1.0, 0.0, 0.0
iou, 0.0, nan, 0.5766666666666667, nan, 0.0
acc, 0.4611973392461197, 0.0, 0.5353535353535354, 0.0, 0.0
iou, 0.38661710037174724, 0.0, 0.150997150997151, nan, 0.0
acc, 0.0, 0.0, 1.0, 0.0, 0.0
iou, 0.0, nan, 0.8616666666666667, nan, 0.0
acc, 0.9786324786324786, 0.4625, 0.0, 0.0, 0.0
iou, 0.8134991119005328, 0.4625, 0.0, nan, 0.0
acc, 0.9567901234567902, 0.7058823529411765, 0.9482758620689655, 0.0, 0.0
iou, 0.8882521489971347, 0.7058823529411765, 0.8301886792452831, nan, 0.0
acc, 0.7649253731343284, 0.2608695652173913, 0.0, 0.0, 0.0
iou, 0.7008547008547008, 0.15789473684210525, 0.0, nan, 0.0
acc, 0.9534313725490197, 0.10576923076923077, 0.0, 0.0, 0.0
iou, 0.6638225255972696, 0.08943089430894309, nan, nan, 0.0
acc, 1.0, 0.0, 0.919431279620853, 0.0, 0.0
iou, 0.9334975369458128, nan, 0.919431279620853, nan, 0.0
acc, 0.9339019189765458, 0.3333333333333333, 0.0, 0.0, 0.033707865168539325
iou, 0.7630662020905923, 0.17721518987341772, nan, nan, 0.03260869565217391
acc, 0.8082191780821918, 0.3951612903225806, 0.0, 0.0, 0.17117117117117117
iou, 0.5545112781954887, 0.32450331125827814, nan, nan, 0.12337662337662338
acc, 0.9859719438877755, 0.07142857142857142, 0.0, 0.0, 0.06666666666666667
iou, 0.8296795952782462, 0.06451612903225806, nan, nan, 0.06521739130434782
acc, 0.975669099756691, 0.7596153846153846, 0.0, 0.0, 0.0
iou, 0.7696737044145874, 0.6929824561403509, nan, nan, 0.0
acc, 0.9870801033591732, 0.35714285714285715, 0.0, 0.0, 0.03389830508474576
iou, 0.7060998151571165, 0.3416149068322981, nan, nan, 0.03389830508474576
acc, 0.8743961352657005, 0.6014492753623188, 0.0, 0.0, 0.125
iou, 0.7084148727984344, 0.43915343915343913, nan, nan, 0.12244897959183673
acc, 0.7340241796200345, 0.0, 0.0, 0.0, 0.0
iou, 0.7083333333333334, nan, 0.0, nan, 0.0
acc, 0.7663551401869159, 0.0, 1.0, 0.0, 0.0
iou, 0.7663551401869159, nan, 0.9131274131274131, nan, 0.0
acc, 0.9764397905759162, 0.275, 0.0, 0.0, 0.036231884057971016
iou, 0.6590106007067138, 0.22916666666666666, nan, nan, 0.036231884057971016
acc, 0.9295302013422819, 0.8553459119496856, 0.0, 0.0, 0.0
iou, 0.6087912087912087, 0.7195767195767195, nan, nan, 0.0
acc, 0.8993506493506493, 0.524390243902439, 0.0, 0.0, 0.1875
iou, 0.6034858387799564, 0.4174757281553398, nan, nan, 0.16216216216216217
acc, 0.9308035714285714, 0.5245901639344263, 0.0, 0.0, 0.0
iou, 0.7568058076225045, 0.29357798165137616, nan, nan, 0.0
acc, 0.8388157894736842, 0.6477732793522267, 0.0, 0.0, 0.1836734693877551
iou, 0.6, 0.5614035087719298, nan, nan, 0.13636363636363635
acc, 0.7979591836734694, 0.7142857142857143, 0.0, 0.0, 0.0
iou, 0.6920353982300885, 0.660377358490566, 0.0, nan, 0.0
acc, 0.0, 0.0, 0.4339250493096647, 0.0, 0.06451612903225806
iou, 0.0, nan, 0.4074074074074074, nan, 0.061855670103092786
acc, 0.9896729776247849, 0.0, 0.0, 0.0, 0.0
iou, 0.9615384615384616, 0.0, nan, nan, 0.0
acc, 0.4019138755980861, 0.0, 1.0, 0.0, 0.0
iou, 0.39436619718309857, nan, 0.673828125, nan, 0.0
acc, 0.6340579710144928, 0.38461538461538464, 0.6962025316455697, 0.0, 0.0
iou, 0.4557291666666667, 0.2857142857142857, 0.44594594594594594, nan, 0.0
acc, 0.914004914004914, 0.6041666666666666, 0.0, 0.0, 0.0
iou, 0.6992481203007519, 0.41134751773049644, nan, nan, 0.0
acc, 0.979002624671916, 0.34507042253521125, 0.0, 0.0, 0.0
iou, 0.6881918819188192, 0.3081761006289308, nan, nan, 0.0
acc, 1.0, 0.3302752293577982, 0.0, 0.0, 0.0
iou, 0.6312056737588653, 0.3302752293577982, nan, nan, 0.0
acc, 0.9433497536945813, 0.7530864197530864, 0.0, 0.0, 0.05309734513274336
iou, 0.7185741088180112, 0.6931818181818182, nan, nan, 0.046511627906976744
acc, 0.7285318559556787, 0.6930232558139535, 0.0, 0.0, 0.041666666666666664
iou, 0.5844444444444444, 0.4775641025641026, nan, nan, 0.04
acc, 0.9095607235142119, 0.6807228915662651, 0.0, 0.0, 0.06382978723404255
iou, 0.7272727272727273, 0.5678391959798995, nan, nan, 0.061224489795918366
acc, 0.12240663900414937, 0.0, 0.0, 0.0, 0.0
iou, 0.10189982728842832, 0.0, 0.0, nan, 0.0
acc, 0.9717391304347827, 0.20987654320987653, 0.0, 0.0, 0.0
iou, 0.7667238421955404, 0.18085106382978725, nan, nan, 0.0
acc, 0.9569471624266145, 0.0967741935483871, 0.0, 0.0, 0.0
iou, 0.8232323232323232, 0.0967741935483871, 0.0, nan, 0.0
acc, 0.9321533923303835, 0.44505494505494503, 0.0, 0.0, 0.10126582278481013
iou, 0.6183953033268101, 0.40703517587939697, nan, nan, 0.09411764705882353
acc, 0.9675925925925926, 0.4642857142857143, 0.0, 0.0, 0.0
iou, 0.7572463768115942, 0.3644859813084112, nan, nan, 0.0
acc, 0.9004237288135594, 0.7888888888888889, 0.0, 0.0, 0.0
iou, 0.8157389635316699, 0.4930555555555556, nan, nan, 0.0
acc, 0.13488372093023257, 0.0, 0.9507246376811594, 0.0, 0.0
iou, 0.11983471074380166, nan, 0.5846702317290553, nan, 0.0
acc, 0.0, 0.0, 1.0, 0.0, 0.0
iou, nan, nan, 0.9533333333333334, nan, 0.0
acc, 0.0, 0.0, 1.0, 0.0, 0.0
iou, nan, nan, 0.905, nan, 0.0
acc, 0.0, 0.0, 1.0, 0.0, 0.0
iou, nan, nan, 0.915, nan, 0.0
acc, 0.0, 0.0, 1.0, 0.0, 0.0
iou, nan, nan, 0.955, nan, 0.0
acc, 0.45454545454545453, 0.0, 0.5448717948717948, 0.0, 0.0
iou, 0.20481927710843373, 0.0, 0.3962703962703963, nan, 0.0
acc, 1.0, 0.0, 0.0, 0.0, 0.0
iou, 0.8266666666666667, nan, nan, nan, 0.0
acc, 0.9672727272727273, 0.05555555555555555, 0.0, 0.0, 0.0
iou, 0.8881469115191987, 0.027777777777777776, nan, nan, 0.0
acc, 0.0, 0.0, 1.0, 0.0, 0.0
iou, nan, nan, 0.9533333333333334, nan, 0.0
acc, 0.8282828282828283, 0.8256880733944955, 0.0, 0.0, 0.0
iou, 0.5871121718377088, 0.6666666666666666, nan, nan, 0.0
acc, 0.0, 0.0, 1.0, 0.0, 0.0
iou, nan, nan, 0.9266666666666666, nan, 0.0
acc, 0.46612466124661245, 0.0, 0.9891304347826086, 0.0, 0.0
iou, 0.4236453201970443, 0.0, 0.47150259067357514, nan, 0.0
acc, 0.0, 0.0, 1.0, 0.0, 0.0
iou, nan, nan, 0.9783333333333334, nan, 0.0
acc, 0.0, 0.0, 1.0, 0.0, 0.0
iou, nan, nan, 0.9466666666666667, nan, 0.0
acc, 0.0, 0.0, 1.0, 0.0, 0.0
iou, nan, nan, 0.9683333333333334, nan, 0.0
acc, 0.0, 0.0, 1.0, 0.0, 0.0
iou, nan, nan, 0.95, nan, 0.0
acc, 0.8854961832061069, 0.7155963302752294, 0.0, 0.0, 0.0
iou, 0.6932270916334662, 0.4482758620689655, nan, nan, 0.0
acc, 0.0, 0.0, 1.0, 0.0, 0.0
iou, nan, nan, 0.875, 0.0, 0.0
acc, 0.9536679536679536, 0.5616438356164384, 0.0, 0.0, 0.0
iou, 0.8837209302325582, 0.422680412371134, nan, nan, 0.0
acc, 0.8378378378378378, 0.0, 0.9446254071661238, 0.0, 0.0
iou, 0.5984555984555985, nan, 0.7474226804123711, nan, 0.0
acc, 0.0, 0.0, 1.0, 0.0, 0.0
iou, nan, nan, 0.9766666666666667, nan, 0.0
acc, 0.0, 0.0, 1.0, 0.0, 0.0
iou, nan, nan, 0.9833333333333333, nan, 0.0
acc, 0.9542168674698795, 0.3103448275862069, 0.0, 0.0, 0.0
iou, 0.7319778188539742, 0.22784810126582278, nan, nan, 0.0
acc, 0.0, 0.0, 1.0, 0.0, 0.0
iou, 0.0, nan, 0.9283333333333333, nan, 0.0
acc, 0.0, 0.0, 1.0, 0.0, 0.0
iou, nan, nan, 0.9, nan, 0.0
acc, 0.0, 0.0, 1.0, 0.0, 0.0
iou, nan, nan, 0.91, nan, 0.0
acc, 0.35797665369649806, 0.0, 0.9751552795031055, 0.0, 0.0
iou, 0.3357664233576642, nan, 0.6292585170340681, nan, 0.0
acc, 0.9568965517241379, 0.5609756097560976, 0.0, 0.0, 0.05555555555555555
iou, 0.8058076225045372, 0.46, nan, nan, 0.05357142857142857
acc, 0.8203753351206434, 0.1568627450980392, 1.0, 0.0, 0.0
iou, 0.6335403726708074, 0.1415929203539823, 0.5064935064935064, nan, 0.0
acc, 0.0, 0.0, 1.0, 0.0, 0.0
iou, 0.0, nan, 0.8383333333333334, nan, 0.0
acc, 0.9668141592920354, 0.3563218390804598, 0.0, 0.0, 0.01639344262295082
iou, 0.7707231040564374, 0.30097087378640774, nan, nan, 0.01639344262295082
acc, 0.0, 0.0, 1.0, 0.0, 0.0
iou, nan, nan, 0.9683333333333334, nan, 0.0
acc, 0.6666666666666666, 0.2, 0.9455782312925171, 0.0, 0.0
iou, 0.32298136645962733, 0.12, 0.8760504201680672, nan, 0.0
acc, 0.0, 0.0, 1.0, 0.0, 0.0
iou, nan, nan, 0.9616666666666667, nan, 0.0
acc, 0.7597402597402597, 0.0, 0.9694323144104804, 0.0, 0.031746031746031744
iou, 0.6628895184135978, nan, 0.6809815950920245, nan, 0.031746031746031744
acc, 0.0, 0.0, 1.0, 0.0, 0.0
iou, nan, nan, 0.8916666666666667, nan, 0.0
acc, 0.0, 0.0, 1.0, 0.0, 0.0
iou, nan, nan, 0.975, nan, 0.0
acc, 0.0, 0.0, 1.0, 0.0, 0.0
iou, nan, nan, 0.9766666666666667, nan, 0.0
acc, 0.9764705882352941, 0.38095238095238093, 0.0, 0.0, 0.16666666666666666
iou, 0.6091743119266055, 0.35398230088495575, 0.0, nan, 0.16666666666666666
acc, 0.0, 0.0, 1.0, 0.0, 0.0
iou, nan, nan, 0.9483333333333334, nan, 0.0
acc, 0.8651399491094147, 0.5862068965517241, 1.0, 0.0, 0.0
iou, 0.8095238095238095, 0.4722222222222222, 0.6553398058252428, nan, 0.0
acc, 0.9061728395061729, 0.7814569536423841, 0.0, 0.0, 0.0
iou, 0.7614107883817427, 0.6243386243386243, nan, nan, 0.0
acc, 0.75, 0.0, 1.0, 0.0, 0.0
iou, 0.728744939271255, nan, 0.8426150121065376, nan, 0.0
acc, 0.9933481152993349, 0.52, 0.0, 0.0, 0.0
iou, 0.8028673835125448, 0.22807017543859648, nan, nan, 0.0
acc, 0.8862745098039215, 0.12, 0.0, 0.0, 0.0
iou, 0.773972602739726, 0.05084745762711865, nan, nan, 0.0
acc, 0.5606407322654462, 0.39622641509433965, 0.0, 0.0, 0.12280701754385964
iou, 0.45036764705882354, 0.3783783783783784, 0.0, nan, 0.11666666666666667
acc, 0.959493670886076, 0.23809523809523808, 0.49624060150375937, 0.0, 0.0
iou, 0.7387914230019493, 0.19230769230769232, 0.44, nan, 0.0
acc, 0.9136125654450262, 0.25, 0.8983957219251337, 0.0, 0.0
iou, 0.8192488262910798, 0.13636363636363635, 0.84, nan, 0.0
acc, 0.0, 0.0, 1.0, 0.0, 0.0
iou, nan, nan, 0.9633333333333334, nan, 0.0
acc, 0.958904109589041, 0.19672131147540983, 0.0, 0.0, 0.0
iou, 0.8333333333333334, 0.19047619047619047, 0.0, nan, 0.0
acc, 0.1896551724137931, 0.0, 1.0, 0.0, 0.0
iou, 0.1896551724137931, 0.0, 0.8471986417657046, nan, 0.0
acc, 0.9582366589327146, 0.6727272727272727, 0.0, 0.0, 0.03508771929824561
iou, 0.738819320214669, 0.5441176470588235, nan, nan, 0.03361344537815126
acc, 0.9234567901234568, 0.5154639175257731, 0.0, 0.0, 0.19387755102040816
iou, 0.7056603773584905, 0.3875968992248062, nan, nan, 0.19387755102040816
acc, 0.0, 0.0, 1.0, 0.0, 0.0
iou, nan, nan, 0.9816666666666667, nan, 0.0
acc, 0.0, 0.0, 1.0, 0.0, 0.0
iou, nan, nan, 0.9766666666666667, nan, 0.0
acc, 0.8011363636363636, 0.0, 1.0, 0.0, 0.0
iou, 0.8011363636363636, nan, 0.8997821350762527, nan, 0.0
acc, 0.0, 0.0, 1.0, 0.0, 0.0
iou, nan, nan, 0.9716666666666667, nan, 0.0
acc, 0.6506849315068494, 0.23157894736842105, 0.0, 0.0, 0.1044776119402985
iou, 0.4991243432574431, 0.2222222222222222, 0.0, nan, 0.1044776119402985
acc, 0.6756756756756757, 0.0, 1.0, 0.0, 0.0
iou, 0.6756756756756757, nan, 0.9163636363636364, nan, 0.0
acc, 0.3695652173913043, 0.0, 1.0, 0.0, 0.0
iou, 0.3695652173913043, nan, 0.8551236749116607, nan, 0.0
acc, 0.5202702702702703, 0.0, 0.0, 0.0, 0.0
iou, 0.5133333333333333, nan, 0.0, nan, 0.0
acc, 0.0, 0.0, 1.0, 0.0, 0.0
iou, 0.0, nan, 0.945, nan, 0.0
acc, 0.0, 0.0, 1.0, 0.0, 0.0
iou, nan, nan, 0.8533333333333334, nan, 0.0
acc, 0.37142857142857144, 0.9941747572815534, 0.0, 0.0, 0.2
iou, 0.32098765432098764, 0.9142857142857143, nan, nan, 0.16666666666666666
acc, 0.9454148471615721, 0.22093023255813954, 0.0, 0.0, 0.21428571428571427
iou, 0.765017667844523, 0.17757009345794392, nan, nan, 0.19047619047619047
acc, 0.9923664122137404, 0.0, 0.0, 0.9912087912087912, 0.0
iou, 0.87248322147651, nan, nan, 0.9890350877192983, 0.0
acc, 0.9598470363288719, 1.0, 0.5263157894736842, 0.0, 0.06521739130434782
iou, 0.8730434782608696, 0.4, 0.5263157894736842, nan, 0.061224489795918366
acc, 0.38114754098360654, 0.2077922077922078, 0.0, 0.0, 0.05714285714285714
iou, 0.3286219081272085, 0.1509433962264151, 0.0, nan, 0.05714285714285714
acc, 0.0, 0.0, 0.7142857142857143, 0.0, 0.0
iou, 0.0, nan, 0.7094594594594594, nan, 0.0
acc, 0.939209726443769, 0.15625, 0.0, 0.9953271028037384, 0.04
iou, 0.8110236220472441, 0.1, nan, 0.9861111111111112, 0.04
acc, 0.9942528735632183, 0.0, 0.0, 0.0, 0.0
iou, 0.8781725888324873, 0.0, nan, nan, 0.0
acc, 0.7252396166134185, 0.6, 0.0, 0.0, 0.12955465587044535
iou, 0.4266917293233083, 0.17391304347826086, nan, nan, 0.12955465587044535
acc, 0.7964601769911505, 0.5945945945945946, 0.0, 0.0, 0.0
iou, 0.5410821643286573, 0.39819004524886875, 0.0, nan, 0.0
acc, 0.8444924406047516, 0.8090909090909091, 0.0, 0.0, 0.14814814814814814
iou, 0.7712031558185405, 0.5056818181818182, nan, nan, 0.12121212121212122
acc, 0.9285714285714286, 0.28, 0.0, 0.0, 0.0
iou, 0.6290322580645161, 0.25, nan, nan, 0.0
acc, 0.9645232815964523, 0.2777777777777778, 0.0, 0.0, 0.04878048780487805
iou, 0.7658450704225352, 0.24793388429752067, nan, nan, 0.045454545454545456
acc, 0.675392670157068, 0.31690140845070425, 0.0, 0.0, 0.09210526315789473
iou, 0.47866419294990725, 0.1724137931034483, nan, nan, 0.07777777777777778
acc, 0.9551656920077972, 0.0, 0.5, 0.0, 0.0
iou, 0.8781362007168458, 0.0, 0.4878048780487805, nan, 0.0
acc, 0.32558139534883723, 0.0, 0.9103585657370518, 0.0, 0.03636363636363636
iou, 0.1794871794871795, nan, 0.7838765008576329, nan, 0.030303030303030304
acc, 0.7257142857142858, 0.507537688442211, 0.0, 0.0, 0.3137254901960784
iou, 0.5369978858350951, 0.4697674418604651, nan, nan, 0.11347517730496454
acc, 0.8866666666666667, 0.7472527472527473, 0.0, 0.0, 0.018867924528301886
iou, 0.5115384615384615, 0.5037037037037037, 0.0, nan, 0.018867924528301886
acc, 0.930327868852459, 0.45, 0.6744186046511628, 0.0, 0.06153846153846154
iou, 0.4819532908704883, 0.4064516129032258, 0.6744186046511628, nan, 0.06060606060606061
acc, 0.3148614609571788, 0.65625, 1.0, 0.0, 0.0
iou, 0.27654867256637167, 0.3783783783783784, 0.24773413897280966, nan, 0.0
acc, 0.8434343434343434, 0.2619047619047619, 0.421875, 0.0, 0.10714285714285714
iou, 0.6196660482374768, 0.2558139534883721, 0.2125984251968504, nan, 0.1016949152542373
acc, 1.0, 0.3157894736842105, 0.7222222222222222, 0.0, 0.024096385542168676
iou, 0.20600858369098712, 0.24, 0.6813417190775681, nan, 0.023809523809523808
acc, 0.9981515711645101, 0.12903225806451613, 0.0, 0.0, 0.2857142857142857
iou, 0.9183673469387755, 0.125, nan, nan, 0.2857142857142857
acc, 0.0, 0.0, 1.0, 0.0, 0.0
iou, nan, nan, 0.985, nan, 0.0
acc, 0.7564102564102564, 0.0, 0.0, 0.9693486590038314, 0.0
iou, 0.6276595744680851, nan, nan, 0.9353049907578558, nan
acc, 0.6862745098039216, 0.0, 1.0, 0.7178423236514523, 0.0
iou, 0.38461538461538464, nan, 0.7717391304347826, 0.7148760330578512, 0.0
acc, 0.9282786885245902, 0.4025974025974026, 0.0, 0.0, 0.0
iou, 0.7961335676625659, 0.33695652173913043, 0.0, nan, 0.0
acc, 0.8950276243093923, 0.6415094339622641, 0.7975206611570248, 0.0, 0.0
iou, 0.5454545454545454, 0.40476190476190477, 0.630718954248366, 0.0, 0.0
acc, 0.9846491228070176, 0.0, 0.0, 0.0, 0.03305785123966942
iou, 0.7558922558922558, nan, 0.0, nan, 0.03305785123966942
acc, 1.0, 0.0, 0.0, 0.0, 0.0
iou, 0.431438127090301, nan, 0.0, nan, 0.0
acc, 0.9421052631578948, 0.4411764705882353, 0.0, 0.0, 0.0
iou, 0.700587084148728, 0.373134328358209, nan, nan, 0.0
acc, 0.8895522388059701, 0.4146341463414634, 0.0, 0.0, 0.08333333333333333
iou, 0.5877712031558185, 0.3483606557377049, nan, nan, 0.08196721311475409
acc, 0.5398230088495575, 0.8368794326241135, 0.0, 0.0, 0.0963855421686747
iou, 0.3824451410658307, 0.5870646766169154, 0.0, nan, 0.07692307692307693
acc, 0.9780487804878049, 0.9134615384615384, 0.0, 0.0, 0.0
iou, 0.7940594059405941, 0.8407079646017699, 0.0, nan, 0.0
acc, 0.8995535714285714, 0.9534883720930233, 0.0, 0.0, 0.0
iou, 0.787109375, 0.5985401459854015, nan, nan, 0.0
acc, 0.8857142857142857, 0.7658227848101266, 0.0, 0.0, 0.06930693069306931
iou, 0.5023148148148148, 0.5401785714285714, 0.0, nan, 0.06796116504854369
acc, 0.9424083769633508, 0.30434782608695654, 0.0, 0.0, 0.07017543859649122
iou, 0.6617647058823529, 0.2737430167597765, nan, nan, 0.0625
acc, 0.9372384937238494, 0.4106583072100313, 0.0, 0.0, 0.0
iou, 0.4796573875802998, 0.3898809523809524, nan, nan, 0.0
acc, 0.9594594594594594, 0.0, 0.0, 0.878345498783455, 0.0
iou, 0.5941422594142259, 0.0, nan, 0.8657074340527577, 0.0
acc, 0.0, 0.0, 1.0, 0.0, 0.0
iou, nan, nan, 0.9433333333333334, nan, 0.0
acc, 0.9258426966292135, 0.35365853658536583, 0.0, 0.0, 0.1095890410958904
iou, 0.7330960854092526, 0.25217391304347825, nan, nan, 0.10810810810810811
acc, 0.6135831381733021, 0.8831168831168831, 0.0, 0.0, 0.2916666666666667
iou, 0.5336048879837068, 0.27983539094650206, nan, nan, 0.25925925925925924
acc, 0.6411483253588517, 0.6296296296296297, 0.3448275862068966, 0.0, 0.0
iou, 0.49355432780847147, 0.53125, 0.1532567049808429, nan, 0.0
acc, 0.948, 0.0, 1.0, 0.0, 0.0
iou, 0.948, nan, 0.9118457300275482, nan, 0.0
acc, 0.9463414634146341, 0.0, 0.0, 0.5040650406504065, 0.0
iou, 0.46859903381642515, 0.0, nan, 0.5040650406504065, 0.0
acc, 0.946969696969697, 0.45454545454545453, 0.0, 0.0, 0.2833333333333333
iou, 0.7102272727272727, 0.39855072463768115, 0.0, nan, 0.265625
acc, 0.9278350515463918, 0.7717041800643086, 0.0, 0.0, 0.10526315789473684
iou, 0.5389221556886228, 0.7100591715976331, nan, nan, 0.10204081632653061
acc, 0.8164556962025317, 0.5526315789473685, 0.0, 0.0, 0.06060606060606061
iou, 0.5297741273100616, 0.38181818181818183, nan, nan, 0.055944055944055944
acc, 0.3870967741935484, 0.9230769230769231, 0.0, 0.0, 0.19047619047619047
iou, 0.2727272727272727, 0.8045977011494253, nan, nan, 0.13333333333333333
acc, 0.9631901840490797, 0.5263157894736842, 0.0, 0.0, 0.0
iou, 0.40153452685422, 0.46195652173913043, nan, nan, 0.0
acc, 0.6083333333333333, 0.8659420289855072, 0.0, 0.0, 0.10240963855421686
iou, 0.2693726937269373, 0.6322751322751323, 0.0, 0.0, 0.09239130434782608
acc, 0.8384030418250951, 0.1320754716981132, 0.0, 0.0, 0.0
iou, 0.7564322469982847, 0.125, 0.0, nan, 0.0
acc, 0.9844961240310077, 0.35714285714285715, 0.0, 0.0, 0.0
iou, 0.8834782608695653, 0.32051282051282054, nan, nan, 0.0
acc, 0.4566929133858268, 0.47417840375586856, 0.0, 0.0, 1.0
iou, 0.3551020408163265, 0.24396135265700483, nan, nan, 0.4
acc, 0.7897727272727273, 0.3782051282051282, 0.0, 0.0, 0.0
iou, 0.5387596899224806, 0.23137254901960785, nan, nan, 0.0
acc, 0.9666666666666667, 0.22429906542056074, 0.0, 0.0, 0.0821917808219178
iou, 0.7463235294117647, 0.16326530612244897, nan, nan, 0.0821917808219178
acc, 0.7379679144385026, 0.6036866359447005, 0.9113924050632911, 0.0, 0.11965811965811966
iou, 0.38764044943820225, 0.5282258064516129, 0.7058823529411765, nan, 0.10071942446043165
acc, 0.9183222958057395, 0.22448979591836735, 0.0, 0.0, 0.0
iou, 0.7160068846815835, 0.11702127659574468, nan, 0.0, 0.0
acc, 0.93048128342246, 0.0, 0.0, 0.0, 0.5442477876106194
iou, 0.7295597484276729, nan, nan, nan, 0.4880952380952381
acc, 0.8292682926829268, 0.618421052631579, 1.0, 0.9698795180722891, 0.0
iou, 0.5528455284552846, 0.5595238095238095, 0.4625, 0.9698795180722891, 0.0
acc, 0.981549815498155, 0.043478260869565216, 0.0, 0.0, 0.02127659574468085
iou, 0.45315161839863716, 0.043478260869565216, nan, 0.0, 0.019230769230769232
acc, 0.9159159159159159, 0.27884615384615385, 0.04938271604938271, 0.0, 0.0
iou, 0.5388692579505301, 0.2265625, 0.04878048780487805, nan, 0.0
acc, 0.49508196721311476, 0.0, 1.0, 0.0, 0.0
iou, 0.49508196721311476, nan, 0.5657015590200446, nan, 0.0
acc, 0.9782608695652174, 0.6176470588235294, 0.0, 0.0, 0.05555555555555555
iou, 0.8181818181818182, 0.525, nan, nan, 0.05405405405405406
acc, 0.9184952978056427, 0.416289592760181, 0.0, 0.0, 0.13333333333333333
iou, 0.5979591836734693, 0.35797665369649806, nan, nan, 0.13333333333333333
acc, 0.842948717948718, 0.7862595419847328, 0.0, 0.0, 0.0
iou, 0.5389344262295082, 0.544973544973545, 0.0, nan, 0.0
acc, 0.8930041152263375, 0.8260869565217391, 0.0, 0.0, 0.15714285714285714
iou, 0.4568421052631579, 0.6993865030674846, 0.0, nan, 0.15492957746478872
acc, 0.9072164948453608, 0.3508771929824561, 0.0, 0.0, 0.08163265306122448
iou, 0.6458715596330276, 0.2597402597402597, nan, nan, 0.07920792079207921
acc, 0.7966101694915254, 0.0, 1.0, 0.0, 0.0
iou, 0.7966101694915254, nan, 0.9023508137432188, nan, 0.0
acc, 0.8575342465753425, 0.4557823129251701, 0.0, 0.0, 0.0
iou, 0.5872420262664165, 0.33668341708542715, nan, nan, 0.0
acc, 0.9310344827586207, 0.6290322580645161, 0.0, 0.0, 0.0
iou, 0.6828793774319066, 0.527027027027027, nan, nan, 0.0
acc, 0.958904109589041, 0.6091954022988506, 0.0, 0.0, 0.0
iou, 0.4251012145748988, 0.5792349726775956, 0.0, nan, 0.0
acc, 0.7662835249042146, 0.5354330708661418, 0.0, 0.0, 0.12941176470588237
iou, 0.449438202247191, 0.46258503401360546, nan, nan, 0.09649122807017543
acc, 0.9609375, 0.8253968253968254, 0.0, 0.0, 0.06666666666666667
iou, 0.753061224489796, 0.7375886524822695, nan, nan, 0.06666666666666667
acc, 0.9142857142857143, 0.6186440677966102, 0.0, 0.0, 0.04838709677419355
iou, 0.732824427480916, 0.49324324324324326, nan, nan, 0.04411764705882353
acc, 0.9039145907473309, 0.1111111111111111, 0.0, 0.0, 0.0
iou, 0.8566610455311973, 0.1111111111111111, 0.0, nan, 0.0
acc, 0.0, 0.0, 1.0, 0.0, 0.0
iou, nan, nan, 0.985, nan, 0.0
acc, 0.0, 0.0, 0.7897838899803536, 0.0, 0.0
iou, 0.0, 0.0, 0.7077464788732394, nan, 0.0
acc, 0.7463617463617463, 0.0, 0.0, 0.0, 0.0
iou, 0.6773584905660377, 0.0, 0.0, nan, 0.0
acc, 0.9784688995215312, 0.5862068965517241, 0.0, 0.0, 0.0
iou, 0.768796992481203, 0.544, nan, nan, 0.0
acc, 0.9578059071729957, 0.34782608695652173, 0.0, 0.0, 0.14705882352941177
iou, 0.8063943161634103, 0.2857142857142857, nan, nan, 0.14705882352941177
acc, 0.0, 0.0, 1.0, 0.0, 0.0
iou, nan, nan, 0.9883333333333333, nan, 0.0
acc, 0.6140350877192983, 0.0, 1.0, 0.0, 0.0
iou, 0.5833333333333334, nan, 0.8759541984732825, nan, 0.0
acc, 0.6274509803921569, 0.0, 0.6356968215158925, 0.0, 0.0
iou, 0.21052631578947367, 0.0, 0.5383022774327122, nan, 0.0
acc, 0.0, 0.0, 1.0, 0.0, 0.0
iou, nan, nan, 0.975, nan, 0.0
acc, 0.9807692307692307, 0.5402298850574713, 0.0, 0.0, 0.0
iou, 0.6666666666666666, 0.5300751879699248, nan, nan, 0.0
acc, 0.9330143540669856, 0.0, 0.0, 0.6975308641975309, 0.0
iou, 0.8008213552361396, nan, nan, 0.5947368421052631, 0.0
acc, 0.8449848024316109, 0.9307359307359307, 0.0, 0.0, 0.05
iou, 0.7258485639686684, 0.8431372549019608, 0.0, nan, 0.043478260869565216
acc, 0.9223946784922394, 0.0, 0.0, 0.0, 0.2483221476510067
iou, 0.738898756660746, nan, 0.0, nan, 0.21264367816091953
acc, 0.0, 0.0, 1.0, 0.0, 0.0
iou, 0.0, nan, 0.93, nan, 0.0
acc, 0.7272727272727273, 0.0, 0.7972972972972973, 0.0, 0.061224489795918366
iou, 0.13953488372093023, nan, 0.7662337662337663, nan, 0.061224489795918366
acc, 0.47093023255813954, 0.0, 0.0, 0.8345323741007195, 0.0
iou, 0.4090909090909091, nan, 0.0, 0.8345323741007195, 0.0
acc, 0.8102189781021898, 0.3560606060606061, 0.9774193548387097, 0.0, 0.19047619047619047
iou, 0.46638655462184875, 0.2974683544303797, 0.9528301886792453, nan, 0.19047619047619047
acc, 0.8386075949367089, 0.6227544910179641, 0.0, 0.0, 0.008547008547008548
iou, 0.539714867617108, 0.49523809523809526, nan, nan, 0.007751937984496124
acc, 0.4339622641509434, 0.39473684210526316, 0.5507246376811594, 0.0, 0.0
iou, 0.22772277227722773, 0.15228426395939088, 0.5259515570934256, nan, 0.0
acc, 0.9662027833001988, 0.13953488372093023, 0.0, 0.0, 0.0
iou, 0.8181818181818182, 0.1, nan, nan, 0.0
acc, 0.0, 0.0, 1.0, 0.0, 0.0
iou, nan, nan, 0.965, nan, 0.0
acc, 0.03076923076923077, 0.1111111111111111, 1.0, 0.0, 0.0
iou, 0.027906976744186046, 0.1111111111111111, 0.289134438305709, nan, 0.0
acc, 0.9639423076923077, 0.20967741935483872, 0.0, 0.0, 0.0
iou, 0.6986062717770035, 0.18705035971223022, 0.0, nan, 0.0
acc, 0.9625, 0.4482758620689655, 0.0, 0.0, 0.056338028169014086
iou, 0.6802120141342756, 0.37681159420289856, nan, nan, 0.0547945205479452
acc, 0.0, 0.0, 1.0, 0.0, 0.0
iou, nan, nan, 0.9566666666666667, nan, 0.0
acc, 0.6762114537444934, 0.0, 0.990990990990991, 0.0, 0.0
iou, 0.665943600867679, 0.0, 0.3971119133574007, nan, 0.0
acc, 0.7433962264150943, 0.0, 1.0, 0.0, 0.0
iou, 0.6793103448275862, 0.0, 0.1282051282051282, nan, 0.0
acc, 0.518796992481203, 0.37681159420289856, 0.98005698005698, 0.0, 0.0
iou, 0.359375, 0.37681159420289856, 0.7593818984547461, nan, 0.0
acc, 0.0, 0.0, 1.0, 0.0, 0.0
iou, nan, nan, 1.0, nan, nan
acc, 0.786096256684492, 0.0, 0.0, 1.0, 0.0
iou, 0.765625, nan, nan, 0.7297297297297297, 0.0
acc, 0.9186046511627907, 0.5408163265306123, 0.0, 0.0, 0.06944444444444445
iou, 0.7625482625482626, 0.33974358974358976, nan, nan, 0.0684931506849315
acc, 0.8309859154929577, 0.5531914893617021, 0.8611111111111112, 0.0, 0.03636363636363636
iou, 0.6941176470588235, 0.29213483146067415, 0.7045454545454546, nan, 0.028985507246376812
acc, 0.4267515923566879, 0.0, 1.0, 0.0, 0.15384615384615385
iou, 0.41875, nan, 0.7958015267175572, nan, 0.14285714285714285
acc, 0.9626168224299065, 0.6046511627906976, 0.0, 0.0, 0.09345794392523364
iou, 0.6688311688311688, 0.5, nan, nan, 0.09345794392523364
acc, 1.0, 0.0, 0.9937888198757764, 0.0, 0.0
iou, 0.9090909090909091, nan, 0.9523809523809523, nan, 0.0
acc, 0.7229299363057324, 0.7327935222672065, 0.0, 0.0, 0.0
iou, 0.5483091787439613, 0.5339233038348082, nan, nan, 0.0
acc, 0.9951923076923077, 0.304, 0.0, 0.0, 0.0
iou, 0.7366548042704626, 0.2992125984251969, nan, nan, 0.0
acc, 0.9144893111638955, 0.49122807017543857, 0.6071428571428571, 0.0, 0.0
iou, 0.7638888888888888, 0.45161290322580644, 0.38636363636363635, nan, 0.0
acc, 0.9325842696629213, 0.0, 1.0, 0.0, 0.0
iou, 0.6974789915966386, 0.0, 0.9507186858316222, nan, 0.0
acc, 0.8320413436692506, 0.5409836065573771, 0.0, 0.0, 0.0
iou, 0.6427145708582834, 0.39919354838709675, nan, nan, 0.0
acc, 0.5196850393700787, 0.0, 0.0, 0.9902912621359223, 0.0
iou, 0.5, nan, nan, 0.5244215938303342, 0.0
acc, 0.9526184538653366, 0.0, 1.0, 0.0, 0.0
iou, 0.9526184538653366, nan, 0.8623853211009175, nan, 0.0
acc, 0.0, 0.0, 0.0, 0.9783333333333334, 0.0
iou, 0.0, nan, nan, 0.9783333333333334, nan
acc, 0.9242424242424242, 0.35039370078740156, 0.0, 0.0, 0.012195121951219513
iou, 0.4812623274161736, 0.3236363636363636, nan, nan, 0.011904761904761904
acc, 1.0, 0.0, 0.9801699716713881, 0.0, 0.0
iou, 0.8379629629629629, 0.0, 0.8849104859335039, nan, 0.0
acc, 0.5761421319796954, 0.0, 0.0, 0.9849246231155779, 0.0
iou, 0.5618811881188119, nan, 0.0, 0.5384615384615384, 0.0
acc, 1.0, 0.0, 0.9444444444444444, 0.9560669456066946, 0.0
iou, 0.8831168831168831, nan, 0.7391304347826086, 0.9560669456066946, nan
acc, 0.8497652582159625, 0.532258064516129, 0.0, 0.0, 0.0
iou, 0.32437275985663083, 0.32038834951456313, 0.0, nan, 0.0
acc, 0.0, 0.0, 1.0, 0.0, 0.0
iou, nan, nan, 0.9183333333333333, nan, 0.0
acc, 0.0, 0.0, 1.0, 0.0, 0.0
iou, nan, nan, 0.9316666666666666, nan, 0.0
acc, 0.9423631123919308, 0.47863247863247865, 0.07407407407407407, 0.0, 0.045871559633027525
iou, 0.6123595505617978, 0.417910447761194, 0.06451612903225806, nan, 0.04504504504504504
acc, 0.9009009009009009, 0.8137651821862348, 0.0, 0.0, 0.0
iou, 0.7518796992481203, 0.7178571428571429, nan, nan, 0.0
acc, 0.0, 0.0, 0.0, 0.9983333333333333, 0.0
iou, 0.0, nan, nan, 0.9983333333333333, nan
acc, 0.698876404494382, 0.4722222222222222, 0.7619047619047619, 0.0, 0.11428571428571428
iou, 0.6295546558704453, 0.3617021276595745, 0.2857142857142857, nan, 0.10256410256410256
acc, 0.6483180428134556, 0.0, 0.8949771689497716, 0.0, 0.0
iou, 0.5326633165829145, 0.0, 0.5868263473053892, nan, 0.0
acc, 1.0, 0.0, 0.023809523809523808, 0.0, 0.0
iou, 0.27339449541284405, nan, 0.02046783625730994, nan, 0.0
acc, 0.9214659685863874, 0.5121951219512195, 0.4634146341463415, 0.0, 0.010526315789473684
iou, 0.654275092936803, 0.2876712328767123, 0.4634146341463415, nan, 0.010526315789473684
acc, 0.7202216066481995, 0.7281553398058253, 0.0, 0.0, 0.06060606060606061
iou, 0.5803571428571429, 0.48859934853420195, nan, nan, 0.06060606060606061
acc, 0.8593272171253823, 0.5191256830601093, 0.0, 0.0, 0.0
iou, 0.5854166666666667, 0.37401574803149606, nan, nan, 0.0
acc, 0.6987179487179487, 0.7486910994764397, 0.0, 0.0, 0.16494845360824742
iou, 0.5046296296296297, 0.5181159420289855, nan, nan, 0.1391304347826087
acc, 0.7940074906367042, 0.4951923076923077, 0.0, 0.0, 0.088
iou, 0.4598698481561822, 0.36917562724014336, nan, nan, 0.08208955223880597
acc, 0.8925, 0.543859649122807, 0.0, 0.0, 0.13953488372093023
iou, 0.6787072243346007, 0.4, nan, nan, 0.13636363636363635
acc, 1.0, 0.5555555555555556, 0.0, 0.0, 0.19230769230769232
iou, 0.9280701754385965, 0.5555555555555556, nan, nan, 0.19230769230769232
acc, 0.9690949227373068, 0.55, 0.0, 0.0, 0.37037037037037035
iou, 0.8377862595419847, 0.4925373134328358, nan, nan, 0.37037037037037035
acc, 0.8408488063660478, 0.7133333333333334, 0.0, 0.0, 0.1095890410958904
iou, 0.6687763713080169, 0.5323383084577115, nan, nan, 0.08602150537634409
acc, 0.8391812865497076, 0.32298136645962733, 0.0, 0.0, 0.016129032258064516
iou, 0.5295202952029521, 0.23853211009174313, 0.0, nan, 0.015384615384615385
acc, 0.975609756097561, 0.19534883720930232, 0.0, 0.0, 0.23469387755102042
iou, 0.5511811023622047, 0.19090909090909092, nan, nan, 0.18110236220472442
acc, 0.7252124645892352, 0.8225806451612904, 0.0, 0.0, 0.08208955223880597
iou, 0.5009784735812133, 0.6538461538461539, 0.0, nan, 0.08208955223880597
acc, 0.9486301369863014, 0.4852941176470588, 0.0, 0.0, 0.009615384615384616
iou, 0.5664621676891616, 0.43043478260869567, nan, nan, 0.009615384615384616
acc, 0.9728395061728395, 0.5571428571428572, 0.0, 0.0, 0.128
iou, 0.7323420074349443, 0.4588235294117647, nan, nan, 0.125
acc, 1.0, 0.0, 0.5666666666666667, 0.0, 0.23809523809523808
iou, 0.5495978552278821, 0.0, 0.5404624277456648, nan, 0.20833333333333334
acc, 0.6875, 0.0, 0.9666666666666667, 0.0, 0.0
iou, 0.32038834951456313, 0.0, 0.623046875, nan, 0.0
acc, 0.9444444444444444, 0.5984251968503937, 0.0, 0.0, 0.0
iou, 0.7461832061068703, 0.5066666666666667, nan, nan, 0.0
acc, 0.945054945054945, 0.16541353383458646, 0.0, 0.0, 0.0
iou, 0.5961871750433275, 0.14285714285714285, 0.0, nan, 0.0
acc, 0.9259259259259259, 0.14285714285714285, 0.0, 0.0, 0.10714285714285714
iou, 0.6932409012131716, 0.11695906432748537, nan, nan, 0.10344827586206896
acc, 0.9516728624535316, 0.0, 0.5181518151815182, 0.0, 0.0
iou, 0.5778781038374717, nan, 0.49683544303797467, nan, 0.0
acc, 0.9108910891089109, 0.6069651741293532, 0.0, 0.0, 0.0
iou, 0.5786163522012578, 0.547085201793722, 0.0, nan, 0.0
acc, 0.3914285714285714, 0.0, 1.0, 0.0, 0.0
iou, 0.37329700272479566, nan, 0.5292740046838408, nan, 0.0
acc, 0.9175824175824175, 0.8108108108108109, 0.16129032258064516, 0.0, 0.0
iou, 0.668, 0.6382978723404256, 0.16129032258064516, nan, 0.0
acc, 0.9837837837837838, 0.5357142857142857, 0.0, 0.0, 0.0
iou, 0.3192982456140351, 0.5084745762711864, 0.0, nan, 0.0
acc, 0.5488958990536278, 0.19047619047619047, 0.0, 0.0, 0.4723618090452261
iou, 0.3758099352051836, 0.11267605633802817, nan, nan, 0.3022508038585209
acc, 0.9512820512820512, 0.2185792349726776, 0.0, 0.0, 0.0
iou, 0.6625, 0.19801980198019803, nan, nan, 0.0
acc, 0.9570815450643777, 0.5222222222222223, 0.0, 0.0, 0.0
iou, 0.8065099457504521, 0.4563106796116505, nan, nan, 0.0
acc, 0.9602649006622517, 0.5164319248826291, 0.0, 0.0, 0.0
iou, 0.5991735537190083, 0.47619047619047616, nan, nan, 0.0
acc, 0.9578651685393258, 0.7767441860465116, 0.0, 0.0, 0.1724137931034483
iou, 0.8023529411764706, 0.7167381974248928, nan, nan, 0.1724137931034483
acc, 0.9621749408983451, 0.3, 0.0, 0.0, 0.0
iou, 0.7241992882562278, 0.25384615384615383, nan, nan, 0.0
acc, 0.9305555555555556, 0.0, 0.0, 0.5626598465473146, 0.0
iou, 0.3526315789473684, nan, 0.0, 0.5527638190954773, 0.0
acc, 0.662962962962963, 0.15151515151515152, 0.0, 0.0, 0.07407407407407407
iou, 0.6098807495741057, 0.11904761904761904, 0.0, nan, 0.07407407407407407
acc, 0.9347079037800687, 0.0, 0.0, 0.0, 0.12195121951219512
iou, 0.46495726495726497, 0.0, 0.0, nan, 0.1056338028169014
acc, 1.0, 0.0, 0.0, 0.0, 0.0
iou, 0.9783333333333334, 0.0, nan, nan, 0.0
acc, 0.0, 0.0, 0.0, 0.9972826086956522, 0.0
iou, 0.0, nan, 0.0, 0.9362244897959183, 0.0
acc, 0.9539748953974896, 0.45454545454545453, 0.0, 0.0, 0.0
iou, 0.8070796460176991, 0.35353535353535354, nan, nan, 0.0
acc, 0.8956158663883089, 0.31343283582089554, 0.0, 0.0, 0.07407407407407407
iou, 0.7460869565217392, 0.22105263157894736, nan, nan, 0.05263157894736842
acc, 0.9271844660194175, 0.2483221476510067, 0.0, 0.0, 0.0
iou, 0.6785079928952042, 0.20670391061452514, 0.0, nan, 0.0
acc, 0.8497652582159625, 0.5714285714285714, 0.0, 0.0, 0.0
iou, 0.6703703703703704, 0.35502958579881655, nan, nan, 0.0
acc, 0.8870967741935484, 0.6923076923076923, 0.0, 0.0, 0.02666666666666667
iou, 0.7209737827715356, 0.44680851063829785, nan, nan, 0.02666666666666667
acc, 0.9963898916967509, 0.0, 1.0, 0.0, 0.0
iou, 0.9787234042553191, nan, 0.9473684210526315, nan, 0.0
acc, 0.9673202614379085, 0.4230769230769231, 0.0, 0.0, 0.05405405405405406
iou, 0.8014440433212996, 0.3697478991596639, nan, nan, 0.05405405405405406
acc, 0.6544502617801047, 0.45454545454545453, 0.6710963455149501, 0.0, 0.0
iou, 0.3633720930232558, 0.3968253968253968, 0.520618556701031, nan, 0.0
acc, 0.5278350515463918, 0.7058823529411765, 0.0, 0.0, 0.0
iou, 0.463768115942029, 0.6486486486486487, 0.0, nan, 0.0
acc, 0.8447368421052631, 0.3006535947712418, 0.0, 0.0, 0.058823529411764705
iou, 0.5879120879120879, 0.2119815668202765, 0.0, nan, 0.058823529411764705
acc, 0.7330595482546202, 0.9203539823008849, 0.0, 0.0, 0.0
iou, 0.719758064516129, 0.5909090909090909, 0.0, nan, 0.0
acc, 0.7922077922077922, 0.6243386243386243, 0.0, 0.0, 0.07692307692307693
iou, 0.6354166666666666, 0.44528301886792454, nan, nan, 0.06666666666666667
acc, 0.923943661971831, 0.45454545454545453, 0.0, 0.0, 0.13513513513513514
iou, 0.6283524904214559, 0.36363636363636365, 0.0, nan, 0.13157894736842105
acc, 0.8439306358381503, 0.36633663366336633, 0.7142857142857143, 0.0, 0.0
iou, 0.6199575371549894, 0.30578512396694213, 0.18382352941176472, nan, 0.0
acc, 0.9368421052631579, 0.6880733944954128, 0.0, 0.0, 0.029850746268656716
iou, 0.6819923371647509, 0.5597014925373134, 0.0, nan, 0.029850746268656716
acc, 0.6623376623376623, 0.0, 0.0, 0.0, 0.0
iou, 0.6155172413793103, 0.0, 0.0, nan, 0.0
acc, 0.8950617283950617, 0.5471698113207547, 0.0, 0.0, 0.0
iou, 0.7618213660245184, 0.27884615384615385, nan, nan, 0.0
acc, 0.9860279441117764, 0.33766233766233766, 0.0, 0.0, 0.0
iou, 0.8606271777003485, 0.3291139240506329, nan, nan, 0.0
acc, 0.9429280397022333, 0.28205128205128205, 0.0, 0.0, 0.15
iou, 0.6846846846846847, 0.25984251968503935, nan, nan, 0.12903225806451613
acc, 0.9057071960297767, 0.5517241379310345, 0.0, 0.0, 0.038461538461538464
iou, 0.7213438735177866, 0.41025641025641024, nan, nan, 0.038461538461538464
acc, 0.7671568627450981, 0.7461538461538462, 0.0, 0.0, 0.1774193548387097
iou, 0.6361788617886179, 0.47317073170731705, nan, nan, 0.13414634146341464
acc, 0.9463806970509383, 0.30612244897959184, 0.0, 0.0, 0.0375
iou, 0.6394927536231884, 0.2694610778443114, nan, nan, 0.0375
acc, 0.9240506329113924, 0.632, 0.0, 0.0, 0.0
iou, 0.5, 0.5808823529411765, nan, nan, 0.0
acc, 0.8590785907859079, 0.31210191082802546, 0.0, 0.0, 0.013513513513513514
iou, 0.5774134790528234, 0.24873096446700507, nan, nan, 0.011494252873563218
acc, 0.9747474747474747, 0.0, 0.0, 0.0, 0.0
iou, 0.965, nan, 0.0, nan, 0.0
acc, 0.19169329073482427, 0.0, 1.0, 0.0, 0.0
iou, 0.18126888217522658, 0.0, 0.4789272030651341, nan, 0.0
acc, 0.8392857142857143, 0.48, 0.0, 0.0, 0.078125
iou, 0.592436974789916, 0.35687732342007433, nan, nan, 0.06944444444444445
acc, 1.0, 0.0, 0.0, 0.7125, 0.0
iou, 0.3822843822843823, nan, 0.0, 0.7125, 0.0
acc, 0.9379310344827586, 0.0, 1.0, 0.0, 0.0
iou, 0.9379310344827586, nan, 0.9224137931034483, nan, 0.0
acc, 0.8192771084337349, 0.4125, 0.9826086956521739, 0.0, 0.0
iou, 0.6355140186915887, 0.3626373626373626, 0.795774647887324, nan, 0.0
acc, 0.9068100358422939, 0.4715447154471545, 0.24096385542168675, 0.0, 0.03614457831325301
iou, 0.5121457489878543, 0.3945578231292517, 0.1834862385321101, 0.0, 0.03571428571428571
acc, 0.7264957264957265, 0.0, 0.9715639810426541, 0.0, 0.0
iou, 0.648854961832061, nan, 0.40836653386454186, 0.0, 0.0
acc, 0.9130434782608695, 0.5421686746987951, 0.8839285714285714, 0.0, 0.32432432432432434
iou, 0.7706422018348624, 0.39823008849557523, 0.825, nan, 0.3076923076923077
acc, 0.9749430523917996, 0.0, 0.9166666666666666, 0.0, 0.0
iou, 0.9145299145299145, nan, 0.7189542483660131, 0.0, 0.0
acc, 0.2870967741935484, 0.0, 0.5893536121673004, 0.0, 0.07407407407407407
iou, 0.20601851851851852, nan, 0.3182751540041068, nan, 0.05714285714285714
acc, 0.0, 0.0, 0.0, 0.97, 0.0
iou, 0.0, nan, 0.0, 0.97, nan
acc, 0.9903846153846154, 0.0, 0.0, 0.2777777777777778, 0.0
iou, 0.5327586206896552, 0.0, 0.0, 0.2777777777777778, 0.0
acc, 0.0, 0.0, 0.0, 0.9966666666666667, 0.0
iou, 0.0, nan, nan, 0.9966666666666667, nan
acc, 0.9283154121863799, 0.0, 0.9901315789473685, 0.0, 0.0
iou, 0.8662207357859532, nan, 0.9290123456790124, nan, 0.0
acc, 1.0, 0.0, 0.9088319088319088, 0.0, 0.0
iou, 0.7603305785123967, 0.0, 0.8179487179487179, nan, 0.0
acc, 0.0, 0.0, 0.0, 0.0, 0.0
iou, 0.0, nan, 0.0, nan, 0.0
acc, 0.1780821917808219, 0.0, 0.9864077669902913, 0.0, 0.0
iou, 0.14772727272727273, nan, 0.8773747841105354, nan, 0.0
acc, 0.9603960396039604, 0.0, 0.0, 0.0, 0.0
iou, 0.8083333333333333, 0.0, 0.0, nan, 0.0
acc, 0.9938900203665988, 0.42857142857142855, 0.0, 0.0, 0.0
iou, 0.842832469775475, 0.40384615384615385, nan, nan, 0.0
acc, 0.868632707774799, 0.4897959183673469, 0.0, 0.0, 0.03875968992248062
iou, 0.5955882352941176, 0.3310344827586207, nan, nan, 0.03731343283582089
acc, 0.9863813229571985, 0.4074074074074074, 0.0, 0.0, 0.0
iou, 0.8771626297577855, 0.3728813559322034, nan, nan, 0.0
acc, 0.47701149425287354, 0.0, 1.0, 0.0, 0.1388888888888889
iou, 0.43005181347150256, nan, 0.7910750507099391, nan, 0.1388888888888889
acc, 0.9234828496042217, 0.4732824427480916, 0.0, 0.0, 0.03333333333333333
iou, 0.6591337099811676, 0.389937106918239, nan, nan, 0.031578947368421054
acc, 0.0, 0.0, 1.0, 0.0, 0.0
iou, nan, nan, 0.9633333333333334, nan, 0.0
acc, 0.8507462686567164, 0.4107142857142857, 0.0, 0.0, 0.02666666666666667
iou, 0.6987740805604203, 0.23958333333333334, 0.0, nan, 0.02531645569620253
acc, 0.8045977011494253, 0.5700483091787439, 0.0, 0.0, 0.0
iou, 0.5809128630705395, 0.4290909090909091, nan, nan, 0.0
acc, 0.0, 0.0, 1.0, 0.0, 0.0
iou, nan, nan, 0.9616666666666667, nan, 0.0
acc, 0.0, 0.0, 0.8745173745173745, 0.0, 0.0
iou, 0.0, 0.0, 0.7796901893287436, nan, 0.0
acc, 0.0, 0.0, 1.0, 0.0, 0.0
iou, nan, nan, 0.91, nan, 0.0
acc, 0.8840579710144928, 0.3641025641025641, 0.0, 0.0, 0.0
iou, 0.5765595463137996, 0.3021276595744681, nan, nan, 0.0
acc, 0.8655660377358491, 0.4, 0.0, 0.0, 0.0
iou, 0.6672727272727272, 0.27906976744186046, nan, nan, 0.0
acc, 0.49101796407185627, 0.7142857142857143, 0.9877300613496932, 0.0, 0.0
iou, 0.3942307692307692, 0.5, 0.6924731182795699, nan, 0.0
acc, 0.9278350515463918, 0.3225806451612903, 0.0, 0.0, 0.0
iou, 0.6545454545454545, 0.273224043715847, nan, nan, 0.0
acc, 0.9442724458204335, 0.3561643835616438, 0.0, 0.0, 0.05421686746987952
iou, 0.5398230088495575, 0.33766233766233766, 0.0, nan, 0.05
acc, 0.9606741573033708, 0.0, 0.3443396226415094, 0.0, 0.0
iou, 0.6489563567362429, nan, 0.3443396226415094, nan, 0.0
acc, 0.9411764705882353, 0.23076923076923078, 0.0, 0.0, 0.0
iou, 0.6355785837651122, 0.1875, 0.0, nan, 0.0
acc, 1.0, 0.4084507042253521, 0.0, 0.0, 0.04854368932038835
iou, 0.6610800744878957, 0.4084507042253521, nan, nan, 0.04854368932038835
acc, 0.22950819672131148, 0.6524663677130045, 0.0, 0.0, 0.0
iou, 0.10852713178294573, 0.6409691629955947, 0.0, nan, 0.0
acc, 0.9561643835616438, 0.496, 0.0, 0.0, 0.0
iou, 0.6486988847583643, 0.4397163120567376, nan, nan, 0.0
acc, 0.6842105263157895, 0.0, 1.0, 0.0, 0.0
iou, 0.5531914893617021, 0.0, 0.8065217391304348, nan, 0.0
acc, 0.8068181818181818, 0.0, 0.7606837606837606, 0.0, 0.0
iou, 0.3169642857142857, nan, 0.7105788423153693, nan, 0.0
acc, 1.0, 0.660377358490566, 0.0, 0.0, 0.03296703296703297
iou, 0.6494661921708185, 0.660377358490566, 0.0, nan, 0.03296703296703297
acc, 0.8660287081339713, 0.3448275862068966, 0.0, 0.0, 0.022727272727272728
iou, 0.616695059625213, 0.24390243902439024, 0.0, nan, 0.02158273381294964
acc, 0.875, 0.7631578947368421, 1.0, 0.0, 0.04054054054054054
iou, 0.6855670103092784, 0.5471698113207547, 0.9182389937106918, nan, 0.04054054054054054
acc, 0.926605504587156, 0.6764705882352942, 0.8666666666666667, 0.0, 0.0
iou, 0.831275720164609, 0.6388888888888888, 0.5, nan, 0.0
acc, 0.9260969976905312, 0.5431034482758621, 0.0, 0.0, 0.13725490196078433
iou, 0.7566037735849057, 0.4375, nan, nan, 0.12727272727272726
acc, 0.960431654676259, 0.2863849765258216, 0.0, 0.0, 0.0
iou, 0.49536178107606677, 0.27232142857142855, nan, nan, 0.0
acc, 0.8067226890756303, 0.5, 0.0, 0.0, 0.13157894736842105
iou, 0.4085106382978723, 0.41832669322709165, nan, nan, 0.12345679012345678
acc, 0.8422712933753943, 0.38839285714285715, 0.0, 0.0, 0.01694915254237288
iou, 0.534, 0.3140794223826715, nan, nan, 0.014705882352941176
acc, 0.9512820512820512, 0.7037037037037037, 0.0, 0.0, 0.4666666666666667
iou, 0.6857670979667283, 0.5588235294117647, 0.0, nan, 0.42
acc, 0.9540816326530612, 0.375, 0.0, 0.0, 0.17073170731707318
iou, 0.6964618249534451, 0.34394904458598724, 0.0, nan, 0.14583333333333334
acc, 0.8980582524271845, 0.6147540983606558, 0.0, 0.0, 0.0
iou, 0.7047619047619048, 0.4807692307692308, nan, nan, 0.0
acc, 0.8959537572254336, 0.6226415094339622, 0.0, 0.0, 0.02702702702702703
iou, 0.6090373280943026, 0.4230769230769231, nan, nan, 0.025806451612903226
acc, 0.9631578947368421, 0.45614035087719296, 0.0, 0.0, 0.0
iou, 0.7011494252873564, 0.42162162162162165, nan, nan, 0.0
acc, 0.9174311926605505, 0.43137254901960786, 0.0, 0.0, 0.05309734513274336
iou, 0.7220216606498195, 0.3142857142857143, 0.0, nan, 0.05217391304347826
acc, 0.8354430379746836, 0.0, 0.9527720739219713, 0.0, 0.0
iou, 0.55, 0.0, 0.8992248062015504, nan, 0.0
acc, 0.9244186046511628, 0.4270833333333333, 0.5114503816793893, 0.0, 0.0
iou, 0.38498789346246975, 0.35344827586206895, 0.50187265917603, nan, 0.0
acc, 0.9575070821529745, 0.6376811594202898, 0.0, 0.0, 0.0
iou, 0.609009009009009, 0.5176470588235295, 0.0, nan, 0.0
acc, 0.74, 0.6868686868686869, 0.0, 0.0, 0.38461538461538464
iou, 0.5833333333333334, 0.5375494071146245, nan, nan, 0.22727272727272727
acc, 0.9126436781609195, 0.43137254901960786, 0.0, 0.0, 0.08771929824561403
iou, 0.7101967799642218, 0.23404255319148937, nan, nan, 0.0847457627118644
acc, 0.9326145552560647, 0.5, 0.7209302325581395, 0.0, 0.08333333333333333
iou, 0.7361702127659574, 0.3516483516483517, 0.7209302325581395, nan, 0.08333333333333333
acc, 0.9316239316239316, 0.29411764705882354, 0.0, 0.0, 0.0
iou, 0.7402376910016978, 0.19230769230769232, nan, nan, 0.0
acc, 0.0, 0.0, 0.4847972972972973, 0.0, 0.0
iou, 0.0, nan, 0.47833333333333333, nan, 0.0
acc, 0.7508305647840532, 0.45454545454545453, 0.0, 0.0, 0.042328042328042326
iou, 0.4256120527306968, 0.25510204081632654, nan, nan, 0.042328042328042326
acc, 0.2347560975609756, 0.0, 0.9669811320754716, 0.0, 0.0
iou, 0.22647058823529412, nan, 0.400390625, nan, 0.0
acc, 0.7783018867924528, 0.8461538461538461, 0.0, 0.0, 0.0
iou, 0.7221006564551422, 0.5437262357414449, nan, nan, 0.0
acc, 0.7988165680473372, 0.5338983050847458, 0.0, 0.0, 0.0948905109489051
iou, 0.31322505800464034, 0.4329896907216495, 0.0, nan, 0.08904109589041095
acc, 0.9417721518987342, 0.40625, 0.0, 0.0, 0.0
iou, 0.6631016042780749, 0.3277310924369748, 0.0, nan, 0.0
acc, 0.8017492711370262, 0.48214285714285715, 0.0, 0.0, 0.0
iou, 0.5578093306288032, 0.30916030534351147, nan, nan, 0.0
acc, 0.8580645161290322, 0.40476190476190477, 0.0, 0.0, 0.09803921568627451
iou, 0.7112299465240641, 0.22666666666666666, nan, nan, 0.09803921568627451
acc, 0.7419354838709677, 0.5344827586206896, 0.0, 0.0, 0.023529411764705882
iou, 0.5121457489878543, 0.34317343173431736, nan, nan, 0.022988505747126436
acc, 0.8389261744966443, 0.5714285714285714, 0.7485714285714286, 0.0, 0.0
iou, 0.4139072847682119, 0.4, 0.7401129943502824, nan, 0.0
acc, 0.9291553133514986, 0.24571428571428572, 0.0, 0.0, 0.0
iou, 0.6122082585278277, 0.24571428571428572, 0.0, nan, 0.0
acc, 0.9634703196347032, 0.2916666666666667, 0.0, 0.0, 0.030303030303030304
iou, 0.7728937728937729, 0.27184466019417475, nan, nan, 0.020202020202020204
acc, 0.9591280653950953, 0.7458563535911602, 0.0, 0.0, 0.0
iou, 0.7569892473118279, 0.6887755102040817, nan, nan, 0.0
acc, 0.9905660377358491, 0.26865671641791045, 0.0, 0.0, 0.047619047619047616
iou, 0.7473309608540926, 0.2608695652173913, nan, nan, 0.047619047619047616
acc, 0.523972602739726, 0.2857142857142857, 0.23232323232323232, 0.0, 0.0
iou, 0.287593984962406, 0.2465753424657534, 0.1013215859030837, nan, 0.0
acc, 0.9856733524355301, 0.4307692307692308, 0.0, 0.0, 0.18032786885245902
iou, 0.6515151515151515, 0.42748091603053434, 0.0, nan, 0.15714285714285714
acc, 0.9013605442176871, 0.3706896551724138, 0.7049180327868853, 0.0, 0.08823529411764706
iou, 0.6064073226544623, 0.33076923076923076, 0.5341614906832298, nan, 0.08333333333333333
acc, 0.9025974025974026, 0.42857142857142855, 0.0, 0.0, 0.0425531914893617
iou, 0.7459749552772809, 0.30708661417322836, nan, nan, 0.03571428571428571
acc, 0.9592875318066157, 0.4024390243902439, 0.0, 0.0, 0.0
iou, 0.6696269982238011, 0.3235294117647059, 0.0, nan, 0.0
acc, 0.845771144278607, 0.3969465648854962, 0.0, 0.0, 0.0
iou, 0.6204379562043796, 0.29545454545454547, 0.0, nan, 0.0
acc, 0.9447004608294931, 0.6142857142857143, 0.0, 0.0, 0.0
iou, 0.7360861759425493, 0.46236559139784944, nan, nan, 0.0
acc, 0.48717948717948717, 0.0, 0.9824561403508771, 0.0, 0.0
iou, 0.4837962962962963, nan, 0.4296675191815857, nan, nan
acc, 0.9401408450704225, 0.3333333333333333, 0.0, 0.0, 0.15151515151515152
iou, 0.4708994708994709, 0.27722772277227725, 0.0, nan, 0.15151515151515152
acc, 0.8243243243243243, 0.20618556701030927, 0.0, 0.0, 0.2727272727272727
iou, 0.6376306620209059, 0.11764705882352941, 0.0, nan, 0.2222222222222222
acc, 0.8986928104575164, 0.27611940298507465, 0.0, 0.0, 0.0379746835443038
iou, 0.49107142857142855, 0.22424242424242424, 0.0, nan, 0.0379746835443038
acc, 1.0, 0.10714285714285714, 0.2871287128712871, 0.0, 0.0
iou, 0.0069605568445475635, 0.10714285714285714, 0.2804642166344294, nan, 0.0
acc, 0.9342629482071713, 0.2875, 0.0, 0.0, 0.16666666666666666
iou, 0.8170731707317073, 0.20353982300884957, nan, nan, 0.16666666666666666
acc, 0.9597989949748744, 0.25, 0.0, 0.0, 0.0
iou, 0.34290843806104127, 0.21014492753623187, 0.0, nan, 0.0
acc, 0.9417879417879418, 0.8533333333333334, 0.0, 0.0, 0.15151515151515152
iou, 0.8531073446327684, 0.6336633663366337, 0.0, nan, 0.14285714285714285
acc, 0.7716262975778547, 0.6043478260869565, 0.0, 0.0, 0.0
iou, 0.4922737306843267, 0.45723684210526316, 0.0, nan, 0.0
acc, 0.9598853868194842, 0.5028571428571429, 0.0, 0.0, 0.10526315789473684
iou, 0.6673306772908366, 0.4731182795698925, nan, nan, 0.09876543209876543
acc, 0.8587699316628702, 0.8333333333333334, 0.5352112676056338, 0.0, 0.0
iou, 0.736328125, 0.4098360655737705, 0.5352112676056338, nan, 0.0
acc, 0.7360703812316716, 0.4011299435028249, 0.0, 0.0, 0.0
iou, 0.47448015122873344, 0.2720306513409962, 0.0, nan, 0.0
acc, 0.976, 0.4909090909090909, 0.7403100775193798, 0.0, 0.0
iou, 0.6524064171122995, 0.4426229508196721, 0.7180451127819549, nan, 0.0
acc, 0.0, 0.0, 1.0, 0.0, 0.0
iou, nan, nan, 0.9383333333333334, nan, 0.0
acc, 0.6802325581395349, 0.0, 1.0, 0.0, 0.0
iou, 0.6573033707865169, nan, 0.8574423480083857, nan, 0.0
acc, 0.0, 0.0, 1.0, 0.0, 0.0
iou, nan, nan, 0.9533333333333334, nan, 0.0
acc, 0.0, 0.0, 1.0, 0.0, 0.0
iou, nan, nan, 0.9183333333333333, nan, 0.0
acc, 0.32558139534883723, 0.0, 0.9695121951219512, 0.0, 0.23076923076923078
iou, 0.19444444444444445, nan, 0.8784530386740331, nan, 0.189873417721519
acc, 0.0, 0.0, 1.0, 0.0, 0.0
iou, nan, nan, 0.9483333333333334, nan, 0.0
acc, 0.9521531100478469, 0.13076923076923078, 0.0, 0.0, 0.019230769230769232
iou, 0.6862068965517242, 0.11643835616438356, nan, nan, 0.017241379310344827
acc, 0.0, 0.0, 1.0, 0.0, 0.0
iou, nan, nan, 0.8833333333333333, nan, 0.0
acc, 0.6991150442477876, 0.0, 0.9841269841269841, 0.0, 0.06521739130434782
iou, 0.512987012987013, nan, 0.8985507246376812, nan, 0.06382978723404255
acc, 0.29411764705882354, 0.0, 0.9857904085257548, 0.0, 0.0
iou, 0.2, nan, 0.9327731092436975, nan, 0.0
acc, 0.9436619718309859, 0.2275132275132275, 0.8670520231213873, 0.0, 0.08
iou, 0.5062972292191436, 0.225130890052356, 0.7978723404255319, nan, 0.07142857142857142
acc, 0.8616352201257862, 0.0, 1.0, 0.0, 0.875
iou, 0.5310077519379846, 0.0, 0.938375350140056, nan, 0.875
acc, 0.9630681818181818, 0.41875, 0.7692307692307693, 0.0, 0.1836734693877551
iou, 0.6862348178137652, 0.38953488372093026, 0.7692307692307693, nan, 0.18
acc, 0.0, 0.0, 1.0, 0.0, 0.0
iou, nan, nan, 0.9733333333333334, nan, 0.0
acc, 0.8648648648648649, 0.0, 0.9921875, 0.0, 0.09803921568627451
iou, 0.6530612244897959, nan, 0.9153153153153153, nan, 0.09803921568627451
acc, 0.8575498575498576, 0.452991452991453, 0.0, 0.0, 0.13095238095238096
iou, 0.6180698151950719, 0.31736526946107785, 0.0, nan, 0.10476190476190476
acc, 0.0, 0.0, 0.980072463768116, 0.0, 0.0
iou, 0.0, nan, 0.9016666666666666, nan, 0.0
acc, 0.9108108108108108, 0.31901840490797545, 0.0, 0.0, 0.2926829268292683
iou, 0.628731343283582, 0.2708333333333333, 0.0, nan, 0.26666666666666666
acc, 0.8565310492505354, 0.7926829268292683, 0.0, 0.0, 0.0
iou, 0.7722007722007722, 0.39156626506024095, nan, nan, 0.0
acc, 0.0, 0.0, 1.0, 0.0, 0.0
iou, nan, nan, 0.9783333333333334, nan, 0.0
acc, 0.7868852459016393, 0.4315068493150685, 0.0, 0.0, 0.0
iou, 0.6256983240223464, 0.26582278481012656, nan, nan, 0.0
acc, 0.0, 0.0, 1.0, 0.0, 0.0
iou, nan, nan, 0.9683333333333334, nan, 0.0
acc, 0.0, 0.0, 1.0, 0.0, 0.0
iou, nan, nan, 0.895, nan, 0.0
acc, 0.8021978021978022, 0.5393700787401575, 0.0, 0.0, 0.0684931506849315
iou, 0.5104895104895105, 0.4521452145214521, nan, nan, 0.04672897196261682
acc, 0.85, 0.656, 0.0, 0.0, 0.02197802197802198
iou, 0.46124031007751937, 0.5093167701863354, 0.0, nan, 0.020618556701030927
acc, 0.9090909090909091, 0.43529411764705883, 0.0, 0.0, 0.09523809523809523
iou, 0.7692307692307693, 0.3008130081300813, nan, nan, 0.0851063829787234
acc, 0.8338028169014085, 0.6240601503759399, 0.0, 0.0, 0.04878048780487805
iou, 0.5792563600782779, 0.4689265536723164, 0.0, nan, 0.04040404040404041
acc, 0.6918238993710691, 0.7379032258064516, 0.0, 0.0, 0.0
iou, 0.5314009661835749, 0.5243553008595988, nan, nan, 0.0
acc, 0.5217391304347826, 0.0, 0.9810874704491725, 0.0, 0.0
iou, 0.46408839779005523, nan, 0.8234126984126984, nan, 0.0
acc, 0.5581395348837209, 0.0, 0.967828418230563, 0.0, 0.030612244897959183
iou, 0.32286995515695066, 0.0, 0.907035175879397, nan, 0.030612244897959183
acc, 0.8396739130434783, 0.6205128205128205, 0.0, 0.0, 0.10810810810810811
iou, 0.6505263157894737, 0.4801587301587302, nan, nan, 0.10256410256410256
acc, 0.8690476190476191, 0.5888888888888889, 0.0, 0.0, 0.011494252873563218
iou, 0.5407407407407407, 0.38405797101449274, nan, nan, 0.011428571428571429
acc, 0.9111747851002865, 0.5606060606060606, 0.9230769230769231, 0.0, 0.034482758620689655
iou, 0.7607655502392344, 0.38144329896907214, 0.9230769230769231, nan, 0.034482758620689655
acc, 0.5042194092827004, 0.6346153846153846, 0.0, 0.0, 0.0
iou, 0.44756554307116103, 0.1952662721893491, nan, nan, 0.0
acc, 0.6376146788990825, 0.5863309352517986, 0.0, 0.0, 0.3269230769230769
iou, 0.36675461741424803, 0.47941176470588237, nan, nan, 0.23448275862068965
acc, 0.39349112426035504, 0.22674418604651161, 0.0, 0.0, 0.07777777777777778
iou, 0.25675675675675674, 0.17180616740088106, 0.0, nan, 0.07608695652173914
acc, 0.656084656084656, 0.7490909090909091, 0.0, 0.0, 0.29545454545454547
iou, 0.34065934065934067, 0.5988372093023255, 0.0, nan, 0.29545454545454547
acc, 0.4186046511627907, 0.8877887788778878, 0.0, 0.0, 0.232
iou, 0.2868525896414343, 0.6241299303944315, nan, nan, 0.19594594594594594
acc, 0.7954545454545454, 0.614406779661017, 0.0, 0.0, 0.027777777777777776
iou, 0.4396984924623116, 0.4692556634304207, nan, nan, 0.023668639053254437
acc, 0.43043478260869567, 0.7877551020408163, 0.0, 0.0, 0.32142857142857145
iou, 0.2796610169491525, 0.5316804407713499, 0.0, nan, 0.17307692307692307
acc, 0.4895833333333333, 0.8925619834710744, 0.0, 0.0, 0.0
iou, 0.28059701492537314, 0.5567010309278351, 0.0, nan, 0.0
acc, 0.5470588235294118, 0.7319587628865979, 0.0, 0.0, 0.31654676258992803
iou, 0.31313131313131315, 0.590027700831025, nan, nan, 0.22916666666666666
acc, 0.8878504672897196, 0.5080645161290323, 0.0, 0.0, 0.08333333333333333
iou, 0.7251908396946565, 0.34806629834254144, nan, nan, 0.08333333333333333
acc, 0.8347578347578347, 0.4319526627218935, 0.0, 0.0, 0.05
iou, 0.5689320388349515, 0.3273542600896861, 0.0, nan, 0.05
acc, 0.8681818181818182, 0.5533980582524272, 0.0, 0.0, 0.08450704225352113
iou, 0.4515366430260047, 0.5294117647058824, nan, nan, 0.06976744186046512
acc, 0.6512605042016807, 0.5521739130434783, 0.0, 0.0, 0.3484848484848485
iou, 0.39845758354755784, 0.42333333333333334, nan, nan, 0.25136612021857924
acc, 0.5566666666666666, 0.6166666666666667, 0.9690721649484536, 0.0, 0.08695652173913043
iou, 0.48830409356725146, 0.5211267605633803, 0.5465116279069767, nan, 0.0851063829787234
acc, 0.7032967032967034, 0.6703296703296703, 0.0, 0.0, 0.2620689655172414
iou, 0.4423963133640553, 0.488, nan, nan, 0.23170731707317074
acc, 0.7596899224806202, 0.3548387096774194, 0.1933534743202417, 0.0, 0.03614457831325301
iou, 0.21166306695464362, 0.2682926829268293, 0.16120906801007556, 0.0, 0.030927835051546393
acc, 0.8068965517241379, 0.3760330578512397, 0.0, 0.0, 0.10294117647058823
iou, 0.4708249496981891, 0.30132450331125826, nan, nan, 0.10144927536231885
acc, 0.7906976744186046, 0.4807692307692308, 0.0, 0.0, 0.25874125874125875
iou, 0.48770491803278687, 0.41899441340782123, nan, nan, 0.20218579234972678
acc, 0.9396984924623115, 0.35714285714285715, 1.0, 0.0, 0.0
iou, 0.6171617161716172, 0.3211009174311927, 0.9315589353612167, nan, 0.0
acc, 0.9714964370546318, 0.225, 0.0, 0.0, 0.11864406779661017
iou, 0.7226148409893993, 0.20454545454545456, nan, nan, 0.11864406779661017
acc, 0.8913043478260869, 0.6363636363636364, 0.0, 0.0, 0.0847457627118644
iou, 0.6319845857418112, 0.3656716417910448, nan, 0.0, 0.07246376811594203
acc, 0.8278388278388278, 0.6188340807174888, 0.0, 0.0, 0.0673076923076923
iou, 0.510158013544018, 0.5168539325842697, nan, nan, 0.058823529411764705
acc, 0.6986899563318777, 0.0, 0.0, 0.0, 0.1940700808625337
iou, 0.30303030303030304, nan, 0.0, nan, 0.1782178217821782
acc, 0.912568306010929, 0.8057553956834532, 0.0, 0.0, 0.06315789473684211
iou, 0.6929460580912863, 0.6746987951807228, nan, nan, 0.06
acc, 0.9642857142857143, 0.723404255319149, 0.0, 0.0, 0.0
iou, 0.7677725118483413, 0.6666666666666666, nan, nan, 0.0
acc, 0.8165137614678899, 0.0, 1.0, 0.0, 0.0
iou, 0.8165137614678899, nan, 0.913894324853229, nan, 0.0
acc, 0.0, 0.0, 1.0, 0.0, 0.0
iou, nan, nan, 0.99, nan, 0.0
acc, 0.0, 0.0, 0.9925512104283054, 0.0, 0.12698412698412698
iou, 0.0, nan, 0.909556313993174, nan, 0.125
acc, 0.8123456790123457, 0.674074074074074, 0.0, 0.0, 0.11666666666666667
iou, 0.6593186372745491, 0.4354066985645933, nan, nan, 0.1076923076923077
acc, 0.785024154589372, 0.18181818181818182, 0.0, 0.0, 0.056338028169014086
iou, 0.5701754385964912, 0.10526315789473684, nan, nan, 0.03755868544600939
acc, 0.8221153846153846, 0.5602836879432624, 0.0, 0.0, 0.13953488372093023
iou, 0.6640776699029126, 0.3910891089108911, nan, nan, 0.10714285714285714
acc, 0.9974293059125964, 0.0, 0.0, 0.0, 0.1282051282051282
iou, 0.6587436332767402, nan, 0.0, nan, 0.125
acc, 0.0, 0.0, 1.0, 0.0, 0.0
iou, nan, nan, 1.0, nan, nan
acc, 0.9787234042553191, 0.0, 0.6657824933687002, 0.0, 0.04054054054054054
iou, 0.41317365269461076, 0.0, 0.6452442159383034, nan, 0.03896103896103896
acc, 0.8978260869565218, 0.5888888888888889, 0.0, 0.0, 0.1
iou, 0.7619926199261993, 0.39849624060150374, nan, nan, 0.09259259259259259
acc, 0.42528735632183906, 0.4166666666666667, 0.9615384615384616, 0.0, 0.0
iou, 0.38642297650130547, 0.39473684210526316, 0.49019607843137253, nan, 0.0
acc, 0.9458874458874459, 0.5393258426966292, 0.0, 0.0, 0.3673469387755102
iou, 0.8214285714285714, 0.41379310344827586, nan, nan, 0.3673469387755102
acc, 0.9748743718592965, 0.34, 0.0, 0.0, 0.041666666666666664
iou, 0.6689655172413793, 0.2833333333333333, 0.0, nan, 0.041666666666666664
acc, 0.0, 0.0, 1.0, 0.0, 0.0
iou, nan, nan, 0.895, nan, 0.0
acc, 0.8061224489795918, 0.5314685314685315, 0.0, 0.0, 0.16923076923076924
iou, 0.6183953033268101, 0.37073170731707317, nan, nan, 0.13580246913580246
acc, 0.8870967741935484, 0.24031007751937986, 0.0, 0.0, 0.09090909090909091
iou, 0.590339892665474, 0.20945945945945946, nan, nan, 0.07317073170731707
acc, 0.7591973244147158, 0.31683168316831684, 0.0, 0.0, 0.15151515151515152
iou, 0.43907156673114117, 0.24060150375939848, nan, nan, 0.13513513513513514
acc, 0.7903225806451613, 0.647887323943662, 1.0, 0.0, 0.08461538461538462
iou, 0.5038560411311054, 0.4946236559139785, 0.7843137254901961, nan, 0.0763888888888889
acc, 0.0, 0.0, 1.0, 0.0, 0.0
iou, nan, nan, 0.9816666666666667, nan, 0.0
acc, 0.9616252821670429, 0.102803738317757, 0.0, 0.0, 0.0
iou, 0.7232597623089984, 0.08870967741935484, nan, nan, 0.0
acc, 1.0, 0.0, 0.0, 0.0, 0.0
iou, 1.0, nan, nan, nan, nan
acc, 0.8518518518518519, 0.0, 0.0, 0.0, 0.3541666666666667
iou, 0.7890222984562607, 0.0, nan, nan, 0.2786885245901639
acc, 0.948339483394834, 0.30303030303030304, 0.0, 0.0, 0.0
iou, 0.8711864406779661, 0.16393442622950818, nan, nan, 0.0
acc, 0.8184523809523809, 0.576271186440678, 0.0, 0.0, 0.0547945205479452
iou, 0.5434782608695652, 0.36363636363636365, nan, nan, 0.05128205128205128
acc, 0.8365122615803815, 0.5524861878453039, 0.0, 0.0, 0.0
iou, 0.6303901437371663, 0.3937007874015748, nan, nan, 0.0
acc, 0.9136212624584718, 0.4025423728813559, 0.0, 0.0, 0.1111111111111111
iou, 0.5765199161425576, 0.34172661870503596, nan, nan, 0.10294117647058823
acc, 0.9572072072072072, 0.46153846153846156, 0.0, 0.0, 0.17582417582417584
iou, 0.7671480144404332, 0.44776119402985076, nan, nan, 0.14814814814814814
acc, 0.945, 0.49056603773584906, 0.0, 0.0, 0.0975609756097561
iou, 0.7297297297297297, 0.43333333333333335, nan, nan, 0.09523809523809523
acc, 0.9805068226120858, 0.08064516129032258, 0.0, 0.0, 0.16
iou, 0.8510998307952623, 0.07692307692307693, nan, nan, 0.125
acc, 0.3260135135135135, 0.0, 0.0, 0.0, 0.0
iou, 0.3260135135135135, nan, 0.0, nan, 0.0
acc, 0.9857142857142858, 0.0, 0.8214971209213052, 0.0, 0.0
iou, 0.41818181818181815, nan, 0.8090737240075614, nan, 0.0
acc, 0.5333333333333333, 0.0, 0.9024390243902439, 0.0, 0.32727272727272727
iou, 0.4186046511627907, nan, 0.7613168724279835, nan, 0.21951219512195122
acc, 0.0, 0.0, 1.0, 0.0, 0.0
iou, nan, nan, 0.875, nan, 0.0
acc, 0.790625, 0.5357142857142857, 1.0, 0.0, 0.0
iou, 0.6640419947506562, 0.44776119402985076, 0.7714285714285715, nan, 0.0
acc, 0.0, 0.0, 0.0, 0.9966666666666667, 0.0
iou, 0.0, nan, nan, 0.9966666666666667, nan
acc, 1.0, 0.0, 0.0, 0.0, 0.0
iou, 0.9866666666666667, nan, nan, nan, 0.0
acc, 0.6530612244897959, 0.9340659340659341, 0.23809523809523808, 0.0, 0.0
iou, 0.2171945701357466, 0.7327586206896551, 0.23809523809523808, nan, 0.0
acc, 0.9690265486725663, 0.13541666666666666, 0.0, 0.0, 0.03597122302158273
iou, 0.37954939341421146, 0.1262135922330097, nan, nan, 0.03597122302158273
acc, 0.8581081081081081, 0.8549618320610687, 0.0, 0.0, 0.0
iou, 0.7807377049180327, 0.5773195876288659, nan, nan, 0.0
acc, 0.9838187702265372, 0.375, 0.0, 0.0, 0.0
iou, 0.596078431372549, 0.3673469387755102, 0.0, nan, 0.0
acc, 0.8902877697841727, 0.0, 0.0, 0.0, 0.0
iou, 0.825, 0.0, 0.0, nan, 0.0
acc, 0.9686609686609686, 0.5263157894736842, 0.22674418604651161, 0.0, 0.0
iou, 0.6193078324225865, 0.4166666666666667, 0.21666666666666667, nan, 0.0
acc, 0.8865979381443299, 0.5, 0.0, 0.0, 0.0
iou, 0.669260700389105, 0.41545893719806765, nan, nan, 0.0
acc, 0.8955823293172691, 0.5, 0.0, 0.0, 0.0
iou, 0.8050541516245487, 0.3, nan, nan, 0.0
acc, 0.0, 0.0, 1.0, 0.0, 0.0
iou, nan, nan, 0.985, nan, 0.0
acc, 0.7607003891050583, 0.2692307692307692, 0.0, 0.0, 0.0
iou, 0.6741379310344827, 0.2692307692307692, 0.0, nan, 0.0
acc, 0.962536023054755, 0.0, 0.4101123595505618, 0.0, 0.029411764705882353
iou, 0.6498054474708171, 0.0, 0.3945945945945946, 0.0, 0.02564102564102564
acc, 0.9452954048140044, 0.5094339622641509, 0.0, 0.0, 0.02702702702702703
iou, 0.7926605504587156, 0.4251968503937008, nan, nan, 0.024390243902439025
acc, 0.9921104536489151, 0.22666666666666666, 0.0, 0.0, 0.0
iou, 0.8627787307032591, 0.21518987341772153, nan, nan, 0.0
acc, 0.9603174603174603, 0.4, 0.0, 0.0, 0.03225806451612903
iou, 0.8446771378708552, 0.3291139240506329, nan, nan, 0.02702702702702703
acc, 0.9578713968957872, 0.42105263157894735, 0.0, 0.0, 0.0
iou, 0.7578947368421053, 0.2926829268292683, nan, nan, 0.0
acc, 0.0, 0.0, 1.0, 0.0, 0.0
iou, nan, nan, 0.9883333333333333, nan, 0.0
acc, 0.9709618874773139, 0.5789473684210527, 0.0, 0.0, 0.0
iou, 0.9256055363321799, 0.4230769230769231, 0.0, nan, 0.0
acc, 0.9341463414634147, 0.46794871794871795, 0.0, 0.0, 0.20588235294117646
iou, 0.7365384615384616, 0.42441860465116277, nan, nan, 0.15555555555555556
acc, 0.0, 0.0, 1.0, 0.0, 0.0
iou, nan, nan, 0.98, nan, 0.0
acc, 0.125, 0.0, 1.0, 0.0, 0.0
iou, 0.125, nan, 0.9158249158249159, nan, 0.0
acc, 0.7450980392156863, 0.33076923076923076, 0.0, 0.0, 0.0
iou, 0.5598526703499079, 0.17408906882591094, nan, nan, 0.0
acc, 1.0, 0.0, 0.0, 0.0, 0.0
iou, 0.9566666666666667, nan, nan, nan, 0.0
acc, 0.9060773480662984, 1.0, 0.03870967741935484, 0.0, 0.0
iou, 0.36123348017621143, 0.8859060402684564, 0.03773584905660377, nan, 0.0
acc, 0.46472019464720193, 0.8012820512820513, 0.0, 0.0, 0.0
iou, 0.40552016985138006, 0.6097560975609756, 0.0, nan, 0.0
acc, 0.8314176245210728, 0.8054298642533937, 0.0, 0.0, 0.0
iou, 0.5318627450980392, 0.6379928315412187, nan, nan, 0.0
acc, 0.7687296416938111, 0.7571428571428571, 0.8881118881118881, 0.0, 0.0
iou, 0.6178010471204188, 0.42063492063492064, 0.6827956989247311, nan, 0.0
acc, 0.788546255506608, 0.54, 0.0, 0.0, 0.13541666666666666
iou, 0.6937984496124031, 0.19014084507042253, 0.0, nan, 0.125
acc, 0.32142857142857145, 0.25, 0.8568075117370892, 0.0, 0.046511627906976744
iou, 0.17307692307692307, 0.07142857142857142, 0.6759259259259259, nan, 0.043010752688172046
acc, 0.9042357274401474, 0.45454545454545453, 0.0, 0.0, 0.125
iou, 0.8436426116838488, 0.17647058823529413, nan, nan, 0.125
acc, 0.605072463768116, 0.8642384105960265, 0.0, 0.0, 0.0
iou, 0.5060606060606061, 0.6214285714285714, nan, nan, 0.0
acc, 0.7973333333333333, 0.39072847682119205, 0.8292682926829268, 0.0, 0.0
iou, 0.6216216216216216, 0.3333333333333333, 0.2905982905982906, nan, 0.0
acc, 0.9864864864864865, 0.0, 0.0, 0.0, 0.0
iou, 0.9733333333333334, nan, nan, nan, 0.0
acc, 0.8908296943231441, 0.3235294117647059, 0.0, 0.0, 0.075
iou, 0.723404255319149, 0.2185430463576159, nan, nan, 0.07317073170731707
acc, 0.34649122807017546, 0.4418604651162791, 0.0, 0.0, 0.0
iou, 0.17286652078774617, 0.2891304347826087, nan, nan, 0.0
acc, 0.8326180257510729, 0.6883116883116883, 0.0, 0.0, 0.0
iou, 0.7293233082706767, 0.3212121212121212, nan, nan, 0.0
acc, 0.8301886792452831, 0.6547619047619048, 0.0, 0.0, 0.09655172413793103
iou, 0.5866666666666667, 0.36666666666666664, nan, nan, 0.0945945945945946
acc, 0.9189814814814815, 0.4434782608695652, 0.0, 0.0, 0.16981132075471697
iou, 0.7351851851851852, 0.34, nan, nan, 0.16981132075471697
acc, 0.910913140311804, 0.39285714285714285, 0.0, 0.0, 0.029850746268656716
iou, 0.7277580071174378, 0.25984251968503935, nan, nan, 0.029850746268656716
acc, 0.0, 0.0, 1.0, 0.0, 0.0
iou, nan, nan, 0.765, nan, 0.0
